[gd_scene load_steps=83 format=3]

[ext_resource type="PackedScene" path="res://objects/gameplay/common/CombatArea.tscn" id="1_l7cjk"]
[ext_resource type="Script" uid="uid://0ionm32auspd" path="res://scripts/gameplay/common/CombatArea.gd" id="2_6krpb"]
[ext_resource type="PackedScene" uid="uid://jv31so3xcr7p" path="res://addons/bf_portal/portal_tools/types/PolygonVolume/PolygonVolume.tscn" id="3_ij87y"]
[ext_resource type="Script" uid="uid://ck5uniw0pl6u8" path="res://addons/bf_portal/portal_tools/types/PolygonVolume/PolygonVolume.gd" id="4_7fhi1"]
[ext_resource type="PackedScene" path="res://objects/uncategorized/GM1083CargoTruck_01_Canopy.tscn" id="5_xuxjd"]
[ext_resource type="Script" uid="uid://cxxcem2vwykyw" path="res://scripts/uncategorized/GM1083CargoTruck_01_Canopy.gd" id="6_8ccim"]
[ext_resource type="PackedScene" path="res://objects/props/BarrierStoneBlock_01_D.tscn" id="7_5baly"]
[ext_resource type="Script" uid="uid://btdkd81281ww8" path="res://scripts/props/BarrierStoneBlock_01_D.gd" id="8_qyb37"]
[ext_resource type="PackedScene" path="res://objects/backdrop/Building_03.tscn" id="9_yevbj"]
[ext_resource type="Script" uid="uid://bsfnw3axkrdd1" path="res://scripts/backdrop/Building_03.gd" id="10_n88lt"]
[ext_resource type="PackedScene" path="res://objects/gameplay/common/DeployCam.tscn" id="11_ltbx7"]
[ext_resource type="Script" uid="uid://c1ifr8qmgrpbm" path="res://scripts/gameplay/common/DeployCam.gd" id="12_xbir5"]
[ext_resource type="PackedScene" path="res://objects/gameplay/common/Sector.tscn" id="13_llkxx"]
[ext_resource type="Script" uid="uid://b33vb1iu5sn18" path="res://scripts/gameplay/common/Sector.gd" id="14_o3i5j"]
[ext_resource type="PackedScene" path="res://objects/gameplay/conquest/CapturePoint.tscn" id="15_7yws6"]
[ext_resource type="Script" uid="uid://b3hdq267t1cs5" path="res://scripts/gameplay/conquest/CapturePoint.gd" id="16_jntqq"]
[ext_resource type="PackedScene" path="res://objects/gameplay/rush/MCOM.tscn" id="17_x1lii"]
[ext_resource type="Script" uid="uid://dwop3qt56v86k" path="res://scripts/gameplay/rush/MCOM.gd" id="18_46o2j"]
[ext_resource type="PackedScene" path="res://objects/audio/SFX_GameModes_Rush_Alarm_SimpleLoop3D.tscn" id="19_tla2f"]
[ext_resource type="Script" uid="uid://cxjqoiknr12xq" path="res://scripts/audio/SFX_GameModes_Rush_Alarm_SimpleLoop3D.gd" id="20_lunsr"]
[ext_resource type="PackedScene" path="res://objects/audio/SFX_GameModes_Rush_Alarm_Leadout_SimpleLoop3D.tscn" id="21_2oi5o"]
[ext_resource type="Script" uid="uid://d4bd4ssmjita7" path="res://scripts/audio/SFX_GameModes_Rush_Alarm_Leadout_SimpleLoop3D.gd" id="22_7l5wv"]
[ext_resource type="PackedScene" path="res://objects/audio/SFX_GameModes_Rush_Arm_SimpleLoop3D.tscn" id="23_fgspe"]
[ext_resource type="Script" uid="uid://klysmlgs4if6" path="res://scripts/audio/SFX_GameModes_Rush_Arm_SimpleLoop3D.gd" id="24_r1eff"]
[ext_resource type="PackedScene" path="res://objects/audio/SFX_GameModes_Rush_Defused_OneShot3D.tscn" id="25_rkwj2"]
[ext_resource type="Script" uid="uid://cai2nxkwcgoxu" path="res://scripts/audio/SFX_GameModes_Rush_Defused_OneShot3D.gd" id="26_ps8yd"]
[ext_resource type="PackedScene" path="res://objects/audio/SFX_GameModes_Rush_Defusing_SimpleLoop3D.tscn" id="27_33h1a"]
[ext_resource type="Script" uid="uid://ykidfa65jv0g" path="res://scripts/audio/SFX_GameModes_Rush_Defusing_SimpleLoop3D.gd" id="28_if1h2"]
[ext_resource type="PackedScene" path="res://objects/fx/FX_CarFire_FrameCrawl.tscn" id="29_cy4u8"]
[ext_resource type="Script" uid="uid://17576tdntm5c" path="res://scripts/fx/FX_CarFire_FrameCrawl.gd" id="30_3fq6x"]
[ext_resource type="PackedScene" path="res://objects/fx/FX_Car_Fire_M_GS.tscn" id="31_uisbj"]
[ext_resource type="Script" uid="uid://cu3tic6atqwi0" path="res://scripts/fx/FX_Car_Fire_M_GS.gd" id="32_ohw3p"]
[ext_resource type="PackedScene" path="res://objects/gameplay/common/WorldIcon.tscn" id="33_bxaag"]
[ext_resource type="Script" uid="uid://casinwc6y7tok" path="res://scripts/gameplay/common/WorldIcon.gd" id="34_b6maf"]
[ext_resource type="PackedScene" path="res://objects/gameplay/common/InteractPoint.tscn" id="35_8wxba"]
[ext_resource type="Script" uid="uid://iubwijctaqqm" path="res://scripts/gameplay/common/InteractPoint.gd" id="36_wivmd"]
[ext_resource type="PackedScene" path="res://objects/fx/FX_Vehicle_Car_Destruction_Death_Explosion_PTV.tscn" id="37_4a62d"]
[ext_resource type="Script" uid="uid://d311lxjrcg21x" path="res://scripts/fx/FX_Vehicle_Car_Destruction_Death_Explosion_PTV.gd" id="38_exs4d"]
[ext_resource type="PackedScene" path="res://objects/gameplay/common/LootSpawner.tscn" id="39_wp2pm"]
[ext_resource type="Script" uid="uid://bjo365thoj5vb" path="res://scripts/gameplay/common/LootSpawner.gd" id="40_xhsps"]
[ext_resource type="PackedScene" path="res://objects/gameplay/common/AreaTrigger.tscn" id="41_7oamo"]
[ext_resource type="Script" uid="uid://cmy0k2wghcg2c" path="res://scripts/gameplay/common/AreaTrigger.gd" id="42_1eix6"]
[ext_resource type="PackedScene" path="res://objects/entities/SpawnPoint.tscn" id="43_u58a1"]
[ext_resource type="Script" uid="uid://gypxfcp07xhq" path="res://scripts/entities/SpawnPoint.gd" id="44_dupu5"]
[ext_resource type="PackedScene" path="res://objects/gameplay/common/HQ_PlayerSpawner.tscn" id="45_cd6q4"]
[ext_resource type="Script" uid="uid://dtidyalo0p5gt" path="res://scripts/gameplay/common/HQ_PlayerSpawner.gd" id="46_xuymb"]
[ext_resource type="PackedScene" path="res://objects/gameplay/common/PlayerSpawner.tscn" id="47_lmf8e"]
[ext_resource type="Script" uid="uid://cu0kkc7r26dfs" path="res://scripts/gameplay/common/PlayerSpawner.gd" id="48_63xcu"]
[ext_resource type="PackedScene" path="res://objects/uncategorized/GVanPassenger_01.tscn" id="49_t71ve"]
[ext_resource type="Script" uid="uid://cb4ebf0jq8yq8" path="res://scripts/uncategorized/GVanPassenger_01.gd" id="50_a8uob"]
[ext_resource type="PackedScene" path="res://objects/architecture/ScaffoldingWalkway_01_A_512x160.tscn" id="51_jylu1"]
[ext_resource type="Script" uid="uid://dxpx87votvkhb" path="res://scripts/architecture/ScaffoldingWalkway_01_A_512x160.gd" id="52_fw2gq"]
[ext_resource type="PackedScene" path="res://objects/props/PilePlanks_02_DDPF.tscn" id="53_csalt"]
[ext_resource type="Script" uid="uid://d2u31x3evx7nn" path="res://scripts/props/PilePlanks_02_DDPF.gd" id="54_ege03"]
[ext_resource type="PackedScene" path="res://objects/architecture/ScaffoldingStairs_01_A_384.tscn" id="55_qblji"]
[ext_resource type="Script" uid="uid://b8tg0l63mj2l5" path="res://scripts/architecture/ScaffoldingStairs_01_A_384.gd" id="56_6c1jn"]
[ext_resource type="PackedScene" path="res://objects/architecture/ScaffoldingMid_01_A_512x384x160.tscn" id="57_josm7"]
[ext_resource type="Script" uid="uid://bqwvgwtn5tnso" path="res://scripts/architecture/ScaffoldingMid_01_A_512x384x160.gd" id="58_ir2go"]
[ext_resource type="PackedScene" path="res://objects/architecture/ScaffoldingBasePole_01_A_384.tscn" id="59_odpmi"]
[ext_resource type="Script" uid="uid://boyokgrouydsh" path="res://scripts/architecture/ScaffoldingBasePole_01_A_384.gd" id="60_bf7xb"]
[ext_resource type="PackedScene" path="res://objects/architecture/FiringRange_DoorwayWall_1024_01.tscn" id="61_vd8ad"]
[ext_resource type="Script" uid="uid://rj1oqp44qayg" path="res://scripts/architecture/FiringRange_DoorwayWall_1024_01.gd" id="62_pjnxo"]
[ext_resource type="PackedScene" path="res://objects/props/BarrierStoneBlock_01_F.tscn" id="63_dw2uf"]
[ext_resource type="Script" uid="uid://dsu7ybdr85kb0" path="res://scripts/props/BarrierStoneBlock_01_F.gd" id="64_70bnu"]
[ext_resource type="PackedScene" path="res://objects/architecture/FiringRange_Floor_A.tscn" id="65_1ld8y"]
[ext_resource type="Script" uid="uid://pul5s0ume51y" path="res://scripts/architecture/FiringRange_Floor_A.gd" id="66_4ikeg"]
[ext_resource type="PackedScene" path="res://objects/props/FlagPole_01_USA.tscn" id="67_v53sc"]
[ext_resource type="Script" uid="uid://cdyf1ay7s7ven" path="res://scripts/props/FlagPole_01_USA.gd" id="68_e6sip"]
[ext_resource type="PackedScene" path="res://objects/props/CommandPost_01_A.tscn" id="69_o8hq7"]
[ext_resource type="Script" uid="uid://qpvow61u261u" path="res://scripts/props/CommandPost_01_A.gd" id="70_2cctd"]
[ext_resource type="PackedScene" path="res://objects/uncategorized/CommandPost_01_PropsA.tscn" id="71_408r7"]
[ext_resource type="Script" uid="uid://btonxgwxn380g" path="res://scripts/uncategorized/CommandPost_01_PropsA.gd" id="72_hba74"]
[ext_resource type="PackedScene" path="res://objects/props/CommandPost_01_Drone_Props.tscn" id="73_r0ly2"]
[ext_resource type="Script" uid="uid://b5bnk331vhjes" path="res://scripts/props/CommandPost_01_Drone_Props.gd" id="74_f7nq5"]
[ext_resource type="PackedScene" path="res://objects/uncategorized/CommandPost_01_PropsB.tscn" id="75_lo3ej"]
[ext_resource type="Script" uid="uid://dkcwoe002podh" path="res://scripts/uncategorized/CommandPost_01_PropsB.gd" id="76_uuln4"]
[ext_resource type="PackedScene" path="res://objects/props/ConcretePipe_01_512x256.tscn" id="77_kovgf"]
[ext_resource type="Script" uid="uid://dm0epc3k3o2wv" path="res://scripts/props/ConcretePipe_01_512x256.gd" id="78_pa1lg"]
[ext_resource type="PackedScene" path="res://objects/architecture/FiringRange_Wall_1024_01.tscn" id="79_4ex84"]
[ext_resource type="Script" uid="uid://c0ihgi566vdwv" path="res://scripts/architecture/FiringRange_Wall_1024_01.gd" id="80_w1o6c"]
[ext_resource type="PackedScene" path="res://static/MP_Abbasid_Terrain.tscn" id="81_1xk81"]
[ext_resource type="PackedScene" path="res://static/MP_Abbasid_Assets.tscn" id="82_law4b"]

[node name="Imported_471347" type="Node3D"]

[node name="Domination Components" type="Node3D" parent="."]
metadata/_calculated_global_transform = Transform3D(1, 0, 0, 0, 1, 0, 0, 0, 1, 0, 0, 0)

[node name="CombatArea" type="Node3D" parent="Domination Components" node_paths=PackedStringArray("CombatVolume") instance=ExtResource("1_l7cjk")]
transform = Transform3D(1, 0, 0, 0, 1, 0, 0, 0, 1, -82.1664, 64.1217, 44.2427)
script = ExtResource("2_6krpb")
CombatVolume = NodePath("CollisionPolygon3D")
metadata/_calculated_global_transform = Transform3D(1, 0, 0, 0, 1, 0, 0, 0, 1, -82.1664, 64.1217, 44.2427)
metadata/linked = ["CombatVolume"]

[node name="CollisionPolygon3D" type="Node3D" parent="Domination Components/CombatArea" instance=ExtResource("3_ij87y")]
script = ExtResource("4_7fhi1")
points = PackedVector2Array(-6.97334, 103.644, -148.622, 104.342, -173.699, 104.021, -174.308, -125.502, -174.691, -142.866, -4.16364, -143.346, -3.96871, -143.404, -6.33591, -59.0953, -6.36421, -39.0078)
height = 400.0
color = Color(0, 0.6, 0.7, 0.42)
metadata/_custom_type_script = "uid://ck5uniw0pl6u8"
metadata/_calculated_global_transform = Transform3D(1, 0, 0, 0, 1, 0, 0, 0, 1, -82.1664, 64.1217, 44.2427)

[node name="GM1083CargoTruck_01_Canopy" type="Node3D" parent="Domination Components/CombatArea" instance=ExtResource("5_xuxjd")]
transform = Transform3D(1, 0, 0, 0, 1, 0, 0, 0, 1, -165.967, -0.0999146, -56.5354)
script = ExtResource("6_8ccim")
metadata/_calculated_global_transform = Transform3D(1, 0, 0, 0, 1, 0, 0, 0, 1, -248.134, 64.0218, -12.2927)

[node name="GM1083CargoTruck_01_Canopy2" type="Node3D" parent="Domination Components/CombatArea" instance=ExtResource("5_xuxjd")]
transform = Transform3D(1, 0, 0, 0, 1, 0, 0, 0, 1, -165.908, -0.0999146, -67.4257)
script = ExtResource("6_8ccim")
metadata/_calculated_global_transform = Transform3D(1, 0, 0, 0, 1, 0, 0, 0, 1, -248.075, 64.0218, -23.1831)

[node name="GM1083CargoTruck_01_Canopy3" type="Node3D" parent="Domination Components/CombatArea" instance=ExtResource("5_xuxjd")]
transform = Transform3D(-1, 0, -8.74228e-08, 0, 1, 0, 8.74228e-08, 0, -1, -106.113, -0.0999146, -116.032)
script = ExtResource("6_8ccim")
metadata/_calculated_global_transform = Transform3D(-1, 0, -8.74228e-08, 0, 1, 0, 8.74228e-08, 0, -1, -188.28, 64.0218, -71.7891)

[node name="BarrierStoneBlock_01_D2" type="Node3D" parent="Domination Components/CombatArea" instance=ExtResource("7_5baly")]
transform = Transform3D(0.111504, 0, -0.993764, 0, 1, 0, 0.993764, 0, 0.111504, -101.743, -0.144329, -105.797)
script = ExtResource("8_qyb37")
metadata/_calculated_global_transform = Transform3D(0.111504, 0, -0.993764, 0, 1, 0, 0.993764, 0, 0.111504, -183.909, 63.9774, -61.5544)

[node name="BarrierStoneBlock_01_D6" type="Node3D" parent="Domination Components/CombatArea/BarrierStoneBlock_01_D2" instance=ExtResource("7_5baly")]
transform = Transform3D(1, 0, 0, 0, 1, 0, 0, 0, 1, 0, 1.21005, 0)
script = ExtResource("8_qyb37")
metadata/_calculated_global_transform = Transform3D(0.111504, 0, -0.993764, 0, 1, 0, 0.993764, 0, 0.111504, -183.909, 65.1874, -61.5544)

[node name="BarrierStoneBlock_01_D3" type="Node3D" parent="Domination Components/CombatArea/BarrierStoneBlock_01_D2" instance=ExtResource("7_5baly")]
transform = Transform3D(1, 0, 0, 0, 1, 0, 0, 0, 1, 7.62939e-06, 0, 2.56409)
script = ExtResource("8_qyb37")
metadata/_calculated_global_transform = Transform3D(0.111504, 0, -0.993764, 0, 1, 0, 0.993764, 0, 0.111504, -186.457, 63.9774, -61.2685)

[node name="BarrierStoneBlock_01_D7" type="Node3D" parent="Domination Components/CombatArea/BarrierStoneBlock_01_D2" instance=ExtResource("7_5baly")]
transform = Transform3D(1, 0, 0, 0, 1, 0, 0, 0, 1, 7.62939e-06, 1.19982, 2.56409)
script = ExtResource("8_qyb37")
metadata/_calculated_global_transform = Transform3D(0.111504, 0, -0.993764, 0, 1, 0, 0.993764, 0, 0.111504, -186.457, 65.1772, -61.2685)

[node name="BarrierStoneBlock_01_D4" type="Node3D" parent="Domination Components/CombatArea/BarrierStoneBlock_01_D2" instance=ExtResource("7_5baly")]
transform = Transform3D(0.998277, 0, -0.0586792, 0, 1, 0, 0.0586792, 0, 0.998277, -0.243584, 0, 5.16049)
script = ExtResource("8_qyb37")
metadata/_calculated_global_transform = Transform3D(0.0529982, 0, -0.998595, 0, 1, 0, 0.998595, 0, 0.0529982, -189.064, 63.9774, -61.221)

[node name="BarrierStoneBlock_01_D8" type="Node3D" parent="Domination Components/CombatArea/BarrierStoneBlock_01_D2" instance=ExtResource("7_5baly")]
transform = Transform3D(0.998277, 0, -0.0586792, 0, 1, 0, 0.0586792, 0, 0.998277, -0.243584, 1.18245, 5.16049)
script = ExtResource("8_qyb37")
metadata/_calculated_global_transform = Transform3D(0.0529982, 0, -0.998595, 0, 1, 0, 0.998595, 0, 0.0529982, -189.064, 65.1598, -61.221)

[node name="BarrierStoneBlock_01_D5" type="Node3D" parent="Domination Components/CombatArea/BarrierStoneBlock_01_D2" instance=ExtResource("7_5baly")]
transform = Transform3D(0.998277, 0, -0.0586792, 0, 1, 0, 0.0586792, 0, 0.998277, -0.393967, 0, 7.71881)
script = ExtResource("8_qyb37")
metadata/_calculated_global_transform = Transform3D(0.0529982, 0, -0.998595, 0, 1, 0, 0.998595, 0, 0.0529982, -191.624, 63.9774, -61.0852)

[node name="BarrierStoneBlock_01_D10" type="Node3D" parent="Domination Components/CombatArea/BarrierStoneBlock_01_D2" instance=ExtResource("7_5baly")]
transform = Transform3D(1, 0, 0, 0, 1, 0, 0, 0, 1, -1.27322, 0, -1.52588e-05)
script = ExtResource("8_qyb37")
metadata/_calculated_global_transform = Transform3D(0.111504, 0, -0.993764, 0, 1, 0, 0.993764, 0, 0.111504, -184.051, 63.9774, -62.8196)

[node name="BarrierStoneBlock_01_D12" type="Node3D" parent="Domination Components/CombatArea/BarrierStoneBlock_01_D2" instance=ExtResource("7_5baly")]
transform = Transform3D(0.998277, 0, -0.0586792, 0, 1, 0, 0.0586792, 0, 0.998277, -1.5146, 0, 5.08575)
script = ExtResource("8_qyb37")
metadata/_calculated_global_transform = Transform3D(0.0529982, 0, -0.998595, 0, 1, 0, 0.998595, 0, 0.0529982, -189.132, 63.9774, -62.4924)

[node name="BarrierStoneBlock_01_D13" type="Node3D" parent="Domination Components/CombatArea/BarrierStoneBlock_01_D2" instance=ExtResource("7_5baly")]
transform = Transform3D(0.998277, 0, -0.0586792, 0, 1, 0, 0.0586792, 0, 0.998277, -1.66498, 0, 7.6441)
script = ExtResource("8_qyb37")
metadata/_calculated_global_transform = Transform3D(0.0529982, 0, -0.998595, 0, 1, 0, 0.998595, 0, 0.0529982, -191.691, 63.9774, -62.3566)

[node name="BarrierStoneBlock_01_D9" type="Node3D" parent="Domination Components/CombatArea/BarrierStoneBlock_01_D2" instance=ExtResource("7_5baly")]
transform = Transform3D(0.998277, 0, -0.0586792, 0, 1, 0, 0.0586792, 0, 0.998277, -0.393967, 1.18753, 7.71881)
script = ExtResource("8_qyb37")
metadata/_calculated_global_transform = Transform3D(0.0529982, 0, -0.998595, 0, 1, 0, 0.998595, 0, 0.0529982, -191.624, 65.1649, -61.0852)

[node name="BarrierStoneBlock_01_D11" type="Node3D" parent="Domination Components/CombatArea/BarrierStoneBlock_01_D2" instance=ExtResource("7_5baly")]
transform = Transform3D(1, 0, 0, 0, 1, 0, 0, 0, 1, -1.27322, 0, 2.56406)
script = ExtResource("8_qyb37")
metadata/_calculated_global_transform = Transform3D(0.111504, 0, -0.993764, 0, 1, 0, 0.993764, 0, 0.111504, -186.599, 63.9774, -62.5337)

[node name="BarrierStoneBlock_01_D3" type="Node3D" parent="Domination Components/CombatArea" instance=ExtResource("7_5baly")]
transform = Transform3D(0.111504, 0, -0.993764, 0, 1, 0, 0.993764, 0, 0.111504, -47.8571, -0.144329, -128.579)
script = ExtResource("8_qyb37")
metadata/_calculated_global_transform = Transform3D(0.111504, 0, -0.993764, 0, 1, 0, 0.993764, 0, 0.111504, -130.023, 63.9774, -84.3367)

[node name="BarrierStoneBlock_01_D6" type="Node3D" parent="Domination Components/CombatArea/BarrierStoneBlock_01_D3" instance=ExtResource("7_5baly")]
transform = Transform3D(1, 0, 0, 0, 1, 0, 0, 0, 1, 0, 1.21005, 0)
script = ExtResource("8_qyb37")
metadata/_calculated_global_transform = Transform3D(0.111504, 0, -0.993764, 0, 1, 0, 0.993764, 0, 0.111504, -130.023, 65.1874, -84.3367)

[node name="BarrierStoneBlock_01_D3" type="Node3D" parent="Domination Components/CombatArea/BarrierStoneBlock_01_D3" instance=ExtResource("7_5baly")]
transform = Transform3D(1, 0, 0, 0, 1, 0, 0, 0, 1, -7.62939e-06, 0, 2.56408)
script = ExtResource("8_qyb37")
metadata/_calculated_global_transform = Transform3D(0.111504, 0, -0.993764, 0, 1, 0, 0.993764, 0, 0.111504, -132.572, 63.9774, -84.0508)

[node name="BarrierStoneBlock_01_D7" type="Node3D" parent="Domination Components/CombatArea/BarrierStoneBlock_01_D3" instance=ExtResource("7_5baly")]
transform = Transform3D(1, 0, 0, 0, 1, 0, 0, 0, 1, -7.62939e-06, 1.19982, 2.56408)
script = ExtResource("8_qyb37")
metadata/_calculated_global_transform = Transform3D(0.111504, 0, -0.993764, 0, 1, 0, 0.993764, 0, 0.111504, -132.572, 65.1772, -84.0508)

[node name="BarrierStoneBlock_01_D4" type="Node3D" parent="Domination Components/CombatArea/BarrierStoneBlock_01_D3" instance=ExtResource("7_5baly")]
transform = Transform3D(0.998277, 0, -0.0586792, 0, 1, 0, 0.0586792, 0, 0.998277, -0.243591, 0, 5.16051)
script = ExtResource("8_qyb37")
metadata/_calculated_global_transform = Transform3D(0.0529982, 0, -0.998595, 0, 1, 0, 0.998595, 0, 0.0529982, -135.179, 63.9774, -84.0034)

[node name="BarrierStoneBlock_01_D8" type="Node3D" parent="Domination Components/CombatArea/BarrierStoneBlock_01_D3" instance=ExtResource("7_5baly")]
transform = Transform3D(0.998277, 0, -0.0586792, 0, 1, 0, 0.0586792, 0, 0.998277, -0.243591, 1.18245, 5.16051)
script = ExtResource("8_qyb37")
metadata/_calculated_global_transform = Transform3D(0.0529982, 0, -0.998595, 0, 1, 0, 0.998595, 0, 0.0529982, -135.179, 65.1598, -84.0034)

[node name="BarrierStoneBlock_01_D5" type="Node3D" parent="Domination Components/CombatArea/BarrierStoneBlock_01_D3" instance=ExtResource("7_5baly")]
transform = Transform3D(0.998277, 0, -0.0586792, 0, 1, 0, 0.0586792, 0, 0.998277, -0.393974, 0, 7.71882)
script = ExtResource("8_qyb37")
metadata/_calculated_global_transform = Transform3D(0.0529982, 0, -0.998595, 0, 1, 0, 0.998595, 0, 0.0529982, -137.738, 63.9774, -83.8675)

[node name="BarrierStoneBlock_01_D10" type="Node3D" parent="Domination Components/CombatArea/BarrierStoneBlock_01_D3" instance=ExtResource("7_5baly")]
transform = Transform3D(1, 0, 0, 0, 1, 0, 0, 0, 1, -1.27323, 0, 0)
script = ExtResource("8_qyb37")
metadata/_calculated_global_transform = Transform3D(0.111504, 0, -0.993764, 0, 1, 0, 0.993764, 0, 0.111504, -130.165, 63.9774, -85.602)

[node name="BarrierStoneBlock_01_D12" type="Node3D" parent="Domination Components/CombatArea/BarrierStoneBlock_01_D3" instance=ExtResource("7_5baly")]
transform = Transform3D(0.998277, 0, -0.0586792, 0, 1, 0, 0.0586792, 0, 0.998277, -1.51463, 0, 5.08577)
script = ExtResource("8_qyb37")
metadata/_calculated_global_transform = Transform3D(0.0529982, 0, -0.998595, 0, 1, 0, 0.998595, 0, 0.0529982, -135.246, 63.9774, -85.2748)

[node name="BarrierStoneBlock_01_D13" type="Node3D" parent="Domination Components/CombatArea/BarrierStoneBlock_01_D3" instance=ExtResource("7_5baly")]
transform = Transform3D(0.998277, 0, -0.0586792, 0, 1, 0, 0.0586792, 0, 0.998277, -1.66499, 0, 7.6441)
script = ExtResource("8_qyb37")
metadata/_calculated_global_transform = Transform3D(0.0529982, 0, -0.998595, 0, 1, 0, 0.998595, 0, 0.0529982, -137.806, 63.9774, -85.139)

[node name="BarrierStoneBlock_01_D9" type="Node3D" parent="Domination Components/CombatArea/BarrierStoneBlock_01_D3" instance=ExtResource("7_5baly")]
transform = Transform3D(0.998277, 0, -0.0586792, 0, 1, 0, 0.0586792, 0, 0.998277, -0.393974, 1.18753, 7.71882)
script = ExtResource("8_qyb37")
metadata/_calculated_global_transform = Transform3D(0.0529982, 0, -0.998595, 0, 1, 0, 0.998595, 0, 0.0529982, -137.738, 65.1649, -83.8675)

[node name="BarrierStoneBlock_01_D11" type="Node3D" parent="Domination Components/CombatArea/BarrierStoneBlock_01_D3" instance=ExtResource("7_5baly")]
transform = Transform3D(1, 0, 0, 0, 1, 0, 0, 0, 1, -1.27323, 0, 2.56406)
script = ExtResource("8_qyb37")
metadata/_calculated_global_transform = Transform3D(0.111504, 0, -0.993764, 0, 1, 0, 0.993764, 0, 0.111504, -132.714, 63.9774, -85.3161)

[node name="BarrierStoneBlock_01_D4" type="Node3D" parent="Domination Components/CombatArea" instance=ExtResource("7_5baly")]
transform = Transform3D(0.111504, 0, -0.993764, 0, 1, 0, 0.993764, 0, 0.111504, -5.52225, -0.144329, -152.472)
script = ExtResource("8_qyb37")
metadata/_calculated_global_transform = Transform3D(0.111504, 0, -0.993764, 0, 1, 0, 0.993764, 0, 0.111504, -87.6886, 63.9774, -108.229)

[node name="BarrierStoneBlock_01_D6" type="Node3D" parent="Domination Components/CombatArea/BarrierStoneBlock_01_D4" instance=ExtResource("7_5baly")]
transform = Transform3D(1, 0, 0, 0, 1, 0, 0, 0, 1, 0, 1.21005, 0)
script = ExtResource("8_qyb37")
metadata/_calculated_global_transform = Transform3D(0.111504, 0, -0.993764, 0, 1, 0, 0.993764, 0, 0.111504, -87.6886, 65.1874, -108.229)

[node name="BarrierStoneBlock_01_D3" type="Node3D" parent="Domination Components/CombatArea/BarrierStoneBlock_01_D4" instance=ExtResource("7_5baly")]
transform = Transform3D(1, 0, 0, 0, 1, 0, 0, 0, 1, -7.62939e-06, 0, 2.56409)
script = ExtResource("8_qyb37")
metadata/_calculated_global_transform = Transform3D(0.111504, 0, -0.993764, 0, 1, 0, 0.993764, 0, 0.111504, -90.2367, 63.9774, -107.943)

[node name="BarrierStoneBlock_01_D7" type="Node3D" parent="Domination Components/CombatArea/BarrierStoneBlock_01_D4" instance=ExtResource("7_5baly")]
transform = Transform3D(1, 0, 0, 0, 1, 0, 0, 0, 1, -7.62939e-06, 1.19982, 2.56409)
script = ExtResource("8_qyb37")
metadata/_calculated_global_transform = Transform3D(0.111504, 0, -0.993764, 0, 1, 0, 0.993764, 0, 0.111504, -90.2367, 65.1772, -107.943)

[node name="BarrierStoneBlock_01_D4" type="Node3D" parent="Domination Components/CombatArea/BarrierStoneBlock_01_D4" instance=ExtResource("7_5baly")]
transform = Transform3D(0.998277, 0, -0.0586792, 0, 1, 0, 0.0586792, 0, 0.998277, -0.243591, 0, 5.16051)
script = ExtResource("8_qyb37")
metadata/_calculated_global_transform = Transform3D(0.0529982, 0, -0.998595, 0, 1, 0, 0.998595, 0, 0.0529982, -92.8441, 63.9774, -107.896)

[node name="BarrierStoneBlock_01_D8" type="Node3D" parent="Domination Components/CombatArea/BarrierStoneBlock_01_D4" instance=ExtResource("7_5baly")]
transform = Transform3D(0.998277, 0, -0.0586792, 0, 1, 0, 0.0586792, 0, 0.998277, -0.243591, 1.18245, 5.16051)
script = ExtResource("8_qyb37")
metadata/_calculated_global_transform = Transform3D(0.0529982, 0, -0.998595, 0, 1, 0, 0.998595, 0, 0.0529982, -92.8441, 65.1598, -107.896)

[node name="BarrierStoneBlock_01_D5" type="Node3D" parent="Domination Components/CombatArea/BarrierStoneBlock_01_D4" instance=ExtResource("7_5baly")]
transform = Transform3D(0.998277, 0, -0.0586792, 0, 1, 0, 0.0586792, 0, 0.998277, -0.393974, 0, 7.71883)
script = ExtResource("8_qyb37")
metadata/_calculated_global_transform = Transform3D(0.0529982, 0, -0.998595, 0, 1, 0, 0.998595, 0, 0.0529982, -95.4033, 63.9774, -107.76)

[node name="BarrierStoneBlock_01_D10" type="Node3D" parent="Domination Components/CombatArea/BarrierStoneBlock_01_D4" instance=ExtResource("7_5baly")]
transform = Transform3D(1, 0, 0, 0, 1, 0, 0, 0, 1, -1.27323, 0, 0)
script = ExtResource("8_qyb37")
metadata/_calculated_global_transform = Transform3D(0.111504, 0, -0.993764, 0, 1, 0, 0.993764, 0, 0.111504, -87.8306, 63.9774, -109.494)

[node name="BarrierStoneBlock_01_D12" type="Node3D" parent="Domination Components/CombatArea/BarrierStoneBlock_01_D4" instance=ExtResource("7_5baly")]
transform = Transform3D(0.998277, 0, -0.0586792, 0, 1, 0, 0.0586792, 0, 0.998277, -1.51462, 0, 5.08578)
script = ExtResource("8_qyb37")
metadata/_calculated_global_transform = Transform3D(0.0529982, 0, -0.998595, 0, 1, 0, 0.998595, 0, 0.0529982, -92.9116, 63.9774, -109.167)

[node name="BarrierStoneBlock_01_D13" type="Node3D" parent="Domination Components/CombatArea/BarrierStoneBlock_01_D4" instance=ExtResource("7_5baly")]
transform = Transform3D(0.998277, 0, -0.0586792, 0, 1, 0, 0.0586792, 0, 0.998277, -1.66499, 0, 7.6441)
script = ExtResource("8_qyb37")
metadata/_calculated_global_transform = Transform3D(0.0529982, 0, -0.998595, 0, 1, 0, 0.998595, 0, 0.0529982, -95.4707, 63.9774, -109.031)

[node name="BarrierStoneBlock_01_D9" type="Node3D" parent="Domination Components/CombatArea/BarrierStoneBlock_01_D4" instance=ExtResource("7_5baly")]
transform = Transform3D(0.998277, 0, -0.0586792, 0, 1, 0, 0.0586792, 0, 0.998277, -0.393974, 1.18753, 7.71883)
script = ExtResource("8_qyb37")
metadata/_calculated_global_transform = Transform3D(0.0529982, 0, -0.998595, 0, 1, 0, 0.998595, 0, 0.0529982, -95.4033, 65.1649, -107.76)

[node name="BarrierStoneBlock_01_D11" type="Node3D" parent="Domination Components/CombatArea/BarrierStoneBlock_01_D4" instance=ExtResource("7_5baly")]
transform = Transform3D(1, 0, 0, 0, 1, 0, 0, 0, 1, -1.27322, 0, 2.56407)
script = ExtResource("8_qyb37")
metadata/_calculated_global_transform = Transform3D(0.111504, 0, -0.993764, 0, 1, 0, 0.993764, 0, 0.111504, -90.3787, 63.9774, -109.208)

[node name="BarrierStoneBlock_01_D5" type="Node3D" parent="Domination Components/CombatArea" instance=ExtResource("7_5baly")]
transform = Transform3D(0.111504, 0, -0.993764, 0, 1, 0, 0.993764, 0, 0.111504, -160.062, -0.144329, -46.4801)
script = ExtResource("8_qyb37")
metadata/_calculated_global_transform = Transform3D(0.111504, 0, -0.993764, 0, 1, 0, 0.993764, 0, 0.111504, -242.228, 63.9774, -2.23739)

[node name="BarrierStoneBlock_01_D6" type="Node3D" parent="Domination Components/CombatArea/BarrierStoneBlock_01_D5" instance=ExtResource("7_5baly")]
transform = Transform3D(1, 0, 0, 0, 1, 0, 0, 0, 1, 0, 1.21005, 0)
script = ExtResource("8_qyb37")
metadata/_calculated_global_transform = Transform3D(0.111504, 0, -0.993764, 0, 1, 0, 0.993764, 0, 0.111504, -242.228, 65.1874, -2.23739)

[node name="BarrierStoneBlock_01_D3" type="Node3D" parent="Domination Components/CombatArea/BarrierStoneBlock_01_D5" instance=ExtResource("7_5baly")]
transform = Transform3D(1, 0, 0, 0, 1, 0, 0, 0, 1, 0, 0, 2.56409)
script = ExtResource("8_qyb37")
metadata/_calculated_global_transform = Transform3D(0.111504, 0, -0.993764, 0, 1, 0, 0.993764, 0, 0.111504, -244.776, 63.9774, -1.95149)

[node name="BarrierStoneBlock_01_D7" type="Node3D" parent="Domination Components/CombatArea/BarrierStoneBlock_01_D5" instance=ExtResource("7_5baly")]
transform = Transform3D(1, 0, 0, 0, 1, 0, 0, 0, 1, 0, 1.19982, 2.56409)
script = ExtResource("8_qyb37")
metadata/_calculated_global_transform = Transform3D(0.111504, 0, -0.993764, 0, 1, 0, 0.993764, 0, 0.111504, -244.776, 65.1772, -1.95149)

[node name="BarrierStoneBlock_01_D4" type="Node3D" parent="Domination Components/CombatArea/BarrierStoneBlock_01_D5" instance=ExtResource("7_5baly")]
transform = Transform3D(0.998277, 0, -0.0586792, 0, 1, 0, 0.0586792, 0, 0.998277, -0.243584, 0, 5.16051)
script = ExtResource("8_qyb37")
metadata/_calculated_global_transform = Transform3D(0.0529982, 0, -0.998595, 0, 1, 0, 0.998595, 0, 0.0529982, -247.384, 63.9774, -1.90404)

[node name="BarrierStoneBlock_01_D8" type="Node3D" parent="Domination Components/CombatArea/BarrierStoneBlock_01_D5" instance=ExtResource("7_5baly")]
transform = Transform3D(0.998277, 0, -0.0586792, 0, 1, 0, 0.0586792, 0, 0.998277, -0.243584, 1.18245, 5.16051)
script = ExtResource("8_qyb37")
metadata/_calculated_global_transform = Transform3D(0.0529982, 0, -0.998595, 0, 1, 0, 0.998595, 0, 0.0529982, -247.384, 65.1598, -1.90404)

[node name="BarrierStoneBlock_01_D5" type="Node3D" parent="Domination Components/CombatArea/BarrierStoneBlock_01_D5" instance=ExtResource("7_5baly")]
transform = Transform3D(0.998277, 0, -0.0586792, 0, 1, 0, 0.0586792, 0, 0.998277, -0.393965, 0, 7.71883)
script = ExtResource("8_qyb37")
metadata/_calculated_global_transform = Transform3D(0.0529982, 0, -0.998595, 0, 1, 0, 0.998595, 0, 0.0529982, -249.943, 63.9774, -1.76823)

[node name="BarrierStoneBlock_01_D10" type="Node3D" parent="Domination Components/CombatArea/BarrierStoneBlock_01_D5" instance=ExtResource("7_5baly")]
transform = Transform3D(1, 0, 0, 0, 1, 0, 0, 0, 1, -1.27322, 0, 0)
script = ExtResource("8_qyb37")
metadata/_calculated_global_transform = Transform3D(0.111504, 0, -0.993764, 0, 1, 0, 0.993764, 0, 0.111504, -242.37, 63.9774, -3.50268)

[node name="BarrierStoneBlock_01_D12" type="Node3D" parent="Domination Components/CombatArea/BarrierStoneBlock_01_D5" instance=ExtResource("7_5baly")]
transform = Transform3D(0.998277, 0, -0.0586792, 0, 1, 0, 0.0586792, 0, 0.998277, -1.51461, 0, 5.08578)
script = ExtResource("8_qyb37")
metadata/_calculated_global_transform = Transform3D(0.0529982, 0, -0.998595, 0, 1, 0, 0.998595, 0, 0.0529982, -247.451, 63.9774, -3.17548)

[node name="BarrierStoneBlock_01_D13" type="Node3D" parent="Domination Components/CombatArea/BarrierStoneBlock_01_D5" instance=ExtResource("7_5baly")]
transform = Transform3D(0.998277, 0, -0.0586792, 0, 1, 0, 0.0586792, 0, 0.998277, -1.66499, 0, 7.64412)
script = ExtResource("8_qyb37")
metadata/_calculated_global_transform = Transform3D(0.0529982, 0, -0.998595, 0, 1, 0, 0.998595, 0, 0.0529982, -250.01, 63.9774, -3.03965)

[node name="BarrierStoneBlock_01_D9" type="Node3D" parent="Domination Components/CombatArea/BarrierStoneBlock_01_D5" instance=ExtResource("7_5baly")]
transform = Transform3D(0.998277, 0, -0.0586792, 0, 1, 0, 0.0586792, 0, 0.998277, -0.393965, 1.18753, 7.71883)
script = ExtResource("8_qyb37")
metadata/_calculated_global_transform = Transform3D(0.0529982, 0, -0.998595, 0, 1, 0, 0.998595, 0, 0.0529982, -249.943, 65.1649, -1.76823)

[node name="BarrierStoneBlock_01_D11" type="Node3D" parent="Domination Components/CombatArea/BarrierStoneBlock_01_D5" instance=ExtResource("7_5baly")]
transform = Transform3D(1, 0, 0, 0, 1, 0, 0, 0, 1, -1.27322, 0, 2.56407)
script = ExtResource("8_qyb37")
metadata/_calculated_global_transform = Transform3D(0.111504, 0, -0.993764, 0, 1, 0, 0.993764, 0, 0.111504, -244.918, 63.9774, -3.21677)

[node name="BarrierStoneBlock_01_D14" type="Node3D" parent="Domination Components/CombatArea" instance=ExtResource("7_5baly")]
transform = Transform3D(1, 0, -0.000226937, 0, 1, 0, 0.000226937, 0, 1, -95.6354, -0.144329, -121.847)
script = ExtResource("8_qyb37")
metadata/_calculated_global_transform = Transform3D(1, 0, -0.000226937, 0, 1, 0, 0.000226937, 0, 1, -177.802, 63.9774, -77.6044)

[node name="BarrierStoneBlock_01_D15" type="Node3D" parent="Domination Components/CombatArea" instance=ExtResource("7_5baly")]
transform = Transform3D(1, 0, -0.000226937, 0, 1, 0, 0.000226937, 0, 1, -95.6348, -0.144329, -124.43)
script = ExtResource("8_qyb37")
metadata/_calculated_global_transform = Transform3D(1, 0, -0.000226937, 0, 1, 0, 0.000226937, 0, 1, -177.801, 63.9774, -80.1871)

[node name="BarrierStoneBlock_01_D16" type="Node3D" parent="Domination Components/CombatArea" instance=ExtResource("7_5baly")]
transform = Transform3D(1, 0, -0.000226937, 0, 1, 0, 0.000226937, 0, 1, -95.6343, -0.144329, -126.972)
script = ExtResource("8_qyb37")
metadata/_calculated_global_transform = Transform3D(1, 0, -0.000226937, 0, 1, 0, 0.000226937, 0, 1, -177.801, 63.9774, -82.7292)

[node name="BarrierStoneBlock_01_D17" type="Node3D" parent="Domination Components/CombatArea" instance=ExtResource("7_5baly")]
transform = Transform3D(1, 0, -0.000226937, 0, 1, 0, 0.000226937, 0, 1, -95.6354, 1.04758, -121.847)
script = ExtResource("8_qyb37")
metadata/_calculated_global_transform = Transform3D(1, 0, -0.000226937, 0, 1, 0, 0.000226937, 0, 1, -177.802, 65.1693, -77.6044)

[node name="BarrierStoneBlock_01_D18" type="Node3D" parent="Domination Components/CombatArea" instance=ExtResource("7_5baly")]
transform = Transform3D(1, 0, -0.000226937, 0, 1, 0, 0.000226937, 0, 1, -95.6348, 1.04758, -124.43)
script = ExtResource("8_qyb37")
metadata/_calculated_global_transform = Transform3D(1, 0, -0.000226937, 0, 1, 0, 0.000226937, 0, 1, -177.801, 65.1693, -80.1871)

[node name="BarrierStoneBlock_01_D19" type="Node3D" parent="Domination Components/CombatArea" instance=ExtResource("7_5baly")]
transform = Transform3D(1, 0, -0.000226937, 0, 1, 0, 0.000226937, 0, 1, -95.6343, 1.04758, -126.972)
script = ExtResource("8_qyb37")
metadata/_calculated_global_transform = Transform3D(1, 0, -0.000226937, 0, 1, 0, 0.000226937, 0, 1, -177.801, 65.1693, -82.7292)

[node name="BarrierStoneBlock_01_D20" type="Node3D" parent="Domination Components/CombatArea" instance=ExtResource("7_5baly")]
transform = Transform3D(1, 0, -0.000226937, 0, 1, 0, 0.000226937, 0, 1, -95.6354, 2.2401, -121.847)
script = ExtResource("8_qyb37")
metadata/_calculated_global_transform = Transform3D(1, 0, -0.000226937, 0, 1, 0, 0.000226937, 0, 1, -177.802, 66.3618, -77.6044)

[node name="BarrierStoneBlock_01_D21" type="Node3D" parent="Domination Components/CombatArea" instance=ExtResource("7_5baly")]
transform = Transform3D(1, 0, -0.000226937, 0, 1, 0, 0.000226937, 0, 1, -95.6348, 2.2401, -124.43)
script = ExtResource("8_qyb37")
metadata/_calculated_global_transform = Transform3D(1, 0, -0.000226937, 0, 1, 0, 0.000226937, 0, 1, -177.801, 66.3618, -80.1871)

[node name="BarrierStoneBlock_01_D22" type="Node3D" parent="Domination Components/CombatArea" instance=ExtResource("7_5baly")]
transform = Transform3D(1, 0, -0.000226937, 0, 1, 0, 0.000226937, 0, 1, -95.6343, 2.2401, -126.972)
script = ExtResource("8_qyb37")
metadata/_calculated_global_transform = Transform3D(1, 0, -0.000226937, 0, 1, 0, 0.000226937, 0, 1, -177.801, 66.3618, -82.7292)

[node name="BarrierStoneBlock_01_D23" type="Node3D" parent="Domination Components/CombatArea" instance=ExtResource("7_5baly")]
transform = Transform3D(1, 0, -0.000226937, 0, 1, 0, 0.000226937, 0, 1, -95.6354, 3.43364, -121.847)
script = ExtResource("8_qyb37")
metadata/_calculated_global_transform = Transform3D(1, 0, -0.000226937, 0, 1, 0, 0.000226937, 0, 1, -177.802, 67.5553, -77.6044)

[node name="BarrierStoneBlock_01_D24" type="Node3D" parent="Domination Components/CombatArea" instance=ExtResource("7_5baly")]
transform = Transform3D(1, 0, -0.000226937, 0, 1, 0, 0.000226937, 0, 1, -95.6348, 3.43364, -124.43)
script = ExtResource("8_qyb37")
metadata/_calculated_global_transform = Transform3D(1, 0, -0.000226937, 0, 1, 0, 0.000226937, 0, 1, -177.801, 67.5553, -80.1871)

[node name="BarrierStoneBlock_01_D25" type="Node3D" parent="Domination Components/CombatArea" instance=ExtResource("7_5baly")]
transform = Transform3D(1, 0, -0.000226937, 0, 1, 0, 0.000226937, 0, 1, -95.6343, 3.43364, -126.972)
script = ExtResource("8_qyb37")
metadata/_calculated_global_transform = Transform3D(1, 0, -0.000226937, 0, 1, 0, 0.000226937, 0, 1, -177.801, 67.5553, -82.7292)

[node name="BarrierStoneBlock_01_D26" type="Node3D" parent="Domination Components/CombatArea" instance=ExtResource("7_5baly")]
transform = Transform3D(1, 0, -0.000226937, 0, 1, 0, 0.000226937, 0, 1, -95.6354, 4.62875, -121.847)
script = ExtResource("8_qyb37")
metadata/_calculated_global_transform = Transform3D(1, 0, -0.000226937, 0, 1, 0, 0.000226937, 0, 1, -177.802, 68.7504, -77.6044)

[node name="BarrierStoneBlock_01_D27" type="Node3D" parent="Domination Components/CombatArea" instance=ExtResource("7_5baly")]
transform = Transform3D(1, 0, -0.000226937, 0, 1, 0, 0.000226937, 0, 1, -95.6348, 4.62875, -124.43)
script = ExtResource("8_qyb37")
metadata/_calculated_global_transform = Transform3D(1, 0, -0.000226937, 0, 1, 0, 0.000226937, 0, 1, -177.801, 68.7504, -80.1871)

[node name="BarrierStoneBlock_01_D28" type="Node3D" parent="Domination Components/CombatArea" instance=ExtResource("7_5baly")]
transform = Transform3D(1, 0, -0.000226937, 0, 1, 0, 0.000226937, 0, 1, -95.6343, 4.62875, -126.972)
script = ExtResource("8_qyb37")
metadata/_calculated_global_transform = Transform3D(1, 0, -0.000226937, 0, 1, 0, 0.000226937, 0, 1, -177.801, 68.7504, -82.7292)

[node name="Building_03" type="Node3D" parent="Domination Components/CombatArea" instance=ExtResource("9_yevbj")]
transform = Transform3D(1, 0, 0, 0, 1, 0, 0, 0, 1, -28.5542, -9.23531, -155.226)
script = ExtResource("10_n88lt")
metadata/_calculated_global_transform = Transform3D(1, 0, 0, 0, 1, 0, 0, 0, 1, -110.721, 54.8864, -110.984)

[node name="DeployCam" type="Node3D" parent="Domination Components" instance=ExtResource("11_ltbx7")]
transform = Transform3D(0.999999, 0, 0, 0, -4.37114e-08, 1, 0, -1, -4.37114e-08, -184.327, 82.8596, 56.9237)
script = ExtResource("12_xbir5")
metadata/_calculated_global_transform = Transform3D(0.999999, 0, 0, 0, -4.37114e-08, 1, 0, -1, -4.37114e-08, -184.327, 82.8596, 56.9237)

[node name="Sector" type="Node3D" parent="Domination Components" node_paths=PackedStringArray("SectorArea") instance=ExtResource("13_llkxx")]
transform = Transform3D(1, 0, 0, 0, 1, 0, 0, 0, 1, -261.614, -72.1655, -632.964)
script = ExtResource("14_o3i5j")
ObjId = 200.0
AutoEnableVehicles = false
SectorArea = NodePath("../CombatArea/CollisionPolygon3D")
metadata/_calculated_global_transform = Transform3D(1, 0, 0, 0, 1, 0, 0, 0, 1, -261.614, -72.1655, -632.964)
metadata/linked = ["SectorArea", "CapturePoints"]

[node name="Capture Points" type="Node3D" parent="Domination Components/Sector"]
metadata/_calculated_global_transform = Transform3D(1, 0, 0, 0, 1, 0, 0, 0, 1, -261.614, -72.1655, -632.964)

[node name="CapturePointA" type="Node3D" parent="Domination Components/Sector/Capture Points" instance=ExtResource("15_7yws6")]
transform = Transform3D(1, 0, 0, 0, 1, 0, 0, 0, 1, 124.405, 135.411, 683.672)
script = ExtResource("16_jntqq")
InitialOwner = 1
FlagPoleSize = 3
ObjId = 201.0
OutlineAbove16Points = true
TacticalAdviceLandVehicleFriendly = false
metadata/_calculated_global_transform = Transform3D(1, 0, 0, 0, 1, 0, 0, 0, 1, -137.209, 63.2458, 50.7075)

[node name="Capture Point A Area" type="Node3D" parent="Domination Components/Sector/Capture Points/CapturePointA" instance=ExtResource("3_ij87y")]
script = ExtResource("4_7fhi1")
points = PackedVector2Array(1.19724, -0.958111, -1.09918, -0.958111, -1.09474, 1.07846, 1.1804, 1.07846)
height = 3.0
color = Color(0, 0.6, 0.7, 0.42)
metadata/_custom_type_script = "uid://ck5uniw0pl6u8"
metadata/_calculated_global_transform = Transform3D(1, 0, 0, 0, 1, 0, 0, 0, 1, -137.209, 63.2458, 50.7075)

