[gd_scene format=3 uid="uid://bew5kdw6vj2bw"]

[ext_resource type="PackedScene" path="res://objects/Gameplay/Common/HQ_PlayerSpawner.tscn" id="1_ae04i"]
[ext_resource type="PackedScene" uid="uid://jv31so3xcr7p" path="res://addons/bf_portal/portal_tools/types/PolygonVolume/PolygonVolume.tscn" id="2_4qigq"]
[ext_resource type="PackedScene" path="res://objects/entities/SpawnPoint.tscn" id="3_4yetr"]
[ext_resource type="PackedScene" path="res://objects/Gameplay/Common/CombatArea.tscn" id="4_kvl5n"]
[ext_resource type="PackedScene" path="res://objects/Gameplay/Common/DeployCam.tscn" id="5_gjig4"]
[ext_resource type="PackedScene" path="res://static/MP_Portal_Sand_Terrain.tscn" id="6_ffb0y"]
[ext_resource type="PackedScene" path="res://objects/gameplay/common/Sector.tscn" id="7_0paoj"]
[ext_resource type="PackedScene" path="res://static/MP_Portal_Sand_Assets.tscn" id="7_03qvo"]
[ext_resource type="PackedScene" path="res://objects/gameplay/conquest/CapturePoint.tscn" id="8_o6max"]
[ext_resource type="PackedScene" path="res://objects/gameplay/common/AreaTrigger.tscn" id="9_rkowa"]
[ext_resource type="PackedScene" path="res://objects/props/FiringRange_MatDecal_01.tscn" id="10_lqc00"]
[ext_resource type="PackedScene" path="res://objects/architecture/FiringRange_DoorwayWall_1024_01.tscn" id="11_6sls3"]
[ext_resource type="PackedScene" path="res://objects/props/BarrierStoneBlock_01_F.tscn" id="12_vaw6a"]
[ext_resource type="PackedScene" path="res://objects/gameplay/common/CombatArea.tscn" id="13_0lj1j"]
[ext_resource type="PackedScene" path="res://objects/architecture/FiringRange_Floor_A.tscn" id="15_uak8p"]
[ext_resource type="PackedScene" path="res://objects/props/FlagPole_01_USA.tscn" id="16_dojwj"]
[ext_resource type="PackedScene" path="res://objects/gameplay/common/InteractPoint.tscn" id="17_3ohah"]
[ext_resource type="PackedScene" path="res://objects/gameplay/common/WorldIcon.tscn" id="18_xg1bx"]
[ext_resource type="PackedScene" path="res://objects/props/CommandPost_01_A.tscn" id="19_sj3ti"]
[ext_resource type="PackedScene" path="res://objects/uncategorized/CommandPost_01_PropsA.tscn" id="20_k62mq"]
[ext_resource type="PackedScene" path="res://objects/props/CommandPost_01_Drone_Props.tscn" id="21_drsmk"]
[ext_resource type="PackedScene" path="res://objects/uncategorized/CommandPost_01_PropsB.tscn" id="22_lb0kh"]
[ext_resource type="PackedScene" path="res://objects/props/ConcretePipe_01_512x256.tscn" id="23_7l1y7"]
[ext_resource type="PackedScene" path="res://objects/architecture/FiringRange_Wall_1024_01.tscn" id="24_xvhbn"]
[ext_resource type="PackedScene" path="res://objects/gameplay/common/HQ_PlayerSpawner.tscn" id="25_xhja3"]

[node name="MP_Portal_Sand" type="Node3D" unique_id=1080230502]

[node name="CombatArea" parent="." unique_id=708713086 node_paths=PackedStringArray("CombatVolume") instance=ExtResource("4_kvl5n")]
CombatVolume = NodePath("CombatVolume")

[node name="CombatVolume" parent="CombatArea" unique_id=464303418 instance=ExtResource("2_4qigq")]
transform = Transform3D(1, 0, 0, 0, 1, 0, 0, 0, 1, 0, 43.0489, 0)
points = PackedVector2Array(-450, -450, -450, 450, 450, 450, 450, -450)

[node name="Camera3D" type="Camera3D" parent="." unique_id=1155970013]
transform = Transform3D(1, 0, 0, 0, 0.101056, 0.994881, 0, -0.994881, 0.101056, 0, 383.15, 0)

[node name="DeployCam" parent="Camera3D" unique_id=528467707 instance=ExtResource("5_gjig4")]

[node name="Static" type="Node3D" parent="." unique_id=2025999891]

[node name="MP_Portal_Sand_Terrain" parent="Static" unique_id=604421425 instance=ExtResource("6_ffb0y")]
metadata/_edit_lock_ = true

[node name="MP_Portal_Sand_Assets" parent="Static" unique_id=562272132 instance=ExtResource("7_03qvo")]
metadata/_edit_lock_ = true

[node name="KOTH_Prefab" type="Node3D" parent="." unique_id=1994886888]

[node name="TeamHQs" type="Node3D" parent="KOTH_Prefab" unique_id=509352511]
transform = Transform3D(1, 0, 0, 0, 1, 0, 0, 0, 1, -2.10495, 57.544983, -48.666653)

[node name="TEAM_1_HQ" parent="KOTH_Prefab/TeamHQs" unique_id=1783486283 node_paths=PackedStringArray("InfantrySpawns") instance=ExtResource("1_ae04i")]
transform = Transform3D(1, 0, 0, 0, 1, 0, 0, 0, 1, -77.4539, -23.80006, 99.6813)
AltTeam = 0
ObjId = 1
InfantrySpawns = [null, null, null, null]

[node name="TEAM_2_HQ" parent="KOTH_Prefab/TeamHQs" unique_id=938455651 node_paths=PackedStringArray("InfantrySpawns") instance=ExtResource("1_ae04i")]
transform = Transform3D(1, 0, 0, 0, 1, 0, 0, 0, 1, 69.5972, -25.065552, 103.147)
Team = 2
AltTeam = 0
ObjId = 2
InfantrySpawns = [null, null, null, null]

[node name="Objectives" type="Node3D" parent="KOTH_Prefab" unique_id=2002300209]
transform = Transform3D(1, 0, 0, 0, 1, 0, 0, 0, 1, 165.23605, -32.483818, -8.082653)

[node name="Team1Objectives" parent="KOTH_Prefab/Objectives" unique_id=652483998 node_paths=PackedStringArray("SectorArea", "CapturePoints") instance=ExtResource("7_0paoj")]
ObjId = 200
SectorArea = NodePath("")
CapturePoints = [NodePath("CapturePointA"), NodePath("CapturePointB"), NodePath("CapturePointC"), NodePath("CapturePointD"), NodePath("CapturePointE")]

[node name="CapturePointA" parent="KOTH_Prefab/Objectives/Team1Objectives" unique_id=1708869847 node_paths=PackedStringArray("CaptureArea") instance=ExtResource("8_o6max")]
transform = Transform3D(1, 0, 0, 0, 1, 0, 0, 0, 1, -155.839, 66.904, 50.0697)
ObjId = 201
CaptureArea = NodePath("../../NeutralObjectives/CapturePointA/AreaTriggerA/A_PolygonVolume")

[node name="CapturePointB" parent="KOTH_Prefab/Objectives/Team1Objectives" unique_id=220543535 node_paths=PackedStringArray("CaptureArea") instance=ExtResource("8_o6max")]
transform = Transform3D(1, 0, 0, 0, 1, 0, 0, 0, 1, -168.148, 65.3923, 117.085)
ObjId = 202
CaptureArea = NodePath("../../NeutralObjectives/CapturePointB/AreaTriggerB/B_PolygonVolume")

[node name="CapturePointC" parent="KOTH_Prefab/Objectives/Team1Objectives" unique_id=324245041 node_paths=PackedStringArray("CaptureArea") instance=ExtResource("8_o6max")]
transform = Transform3D(1, 0, 0, 0, 1, 0, 0, 0, 1, -206.402, 67.1146, 63.1964)
ObjId = 203
CaptureArea = NodePath("../../NeutralObjectives/CapturePointC/AreaTriggerC/C_PolygonVolume")

[node name="CapturePointD" parent="KOTH_Prefab/Objectives/Team1Objectives" unique_id=1886987327 node_paths=PackedStringArray("CaptureArea") instance=ExtResource("8_o6max")]
transform = Transform3D(1, 0, 0, 0, 1, 0, 0, 0, 1, -174.571, 64.78, -24.4955)
ObjId = 204
CaptureArea = NodePath("../../NeutralObjectives/CapturePointD/AreaTriggerD/D_PolygonVolume")

[node name="CapturePointE" parent="KOTH_Prefab/Objectives/Team1Objectives" unique_id=348001809 node_paths=PackedStringArray("CaptureArea") instance=ExtResource("8_o6max")]
transform = Transform3D(1, 0, 0, 0, 1, 0, 0, 0, 1, -166.807, 64.1388, 14.019)
ObjId = 205
CaptureArea = NodePath("../../NeutralObjectives/CapturePointE/AreaTriggerE/E_PolygonVolume")

[node name="Team2Objectives" parent="KOTH_Prefab/Objectives" unique_id=637748942 node_paths=PackedStringArray("SectorArea", "CapturePoints") instance=ExtResource("7_0paoj")]
ObjId = 300
SectorArea = NodePath("")
CapturePoints = [NodePath("CapturePointA"), NodePath("CapturePointB"), NodePath("CapturePointC"), NodePath("CapturePointD"), NodePath("CapturePointE")]

[node name="CapturePointA" parent="KOTH_Prefab/Objectives/Team2Objectives" unique_id=1413464086 node_paths=PackedStringArray("CaptureArea") instance=ExtResource("8_o6max")]
transform = Transform3D(1, 0, 0, 0, 1, 0, 0, 0, 1, -155.839, 66.904, 50.0697)
ObjId = 301
CaptureArea = NodePath("../../NeutralObjectives/CapturePointA/AreaTriggerA/A_PolygonVolume")

[node name="CapturePointB" parent="KOTH_Prefab/Objectives/Team2Objectives" unique_id=1953130370 node_paths=PackedStringArray("CaptureArea") instance=ExtResource("8_o6max")]
transform = Transform3D(1, 0, 0, 0, 1, 0, 0, 0, 1, -168.148, 65.3923, 117.085)
ObjId = 302
CaptureArea = NodePath("../../NeutralObjectives/CapturePointB/AreaTriggerB/B_PolygonVolume")

[node name="CapturePointC" parent="KOTH_Prefab/Objectives/Team2Objectives" unique_id=1365197928 node_paths=PackedStringArray("CaptureArea") instance=ExtResource("8_o6max")]
transform = Transform3D(1, 0, 0, 0, 1, 0, 0, 0, 1, -206.402, 67.1146, 63.1964)
ObjId = 303
CaptureArea = NodePath("../../NeutralObjectives/CapturePointC/AreaTriggerC/C_PolygonVolume")

[node name="CapturePointD" parent="KOTH_Prefab/Objectives/Team2Objectives" unique_id=1180451384 node_paths=PackedStringArray("CaptureArea") instance=ExtResource("8_o6max")]
transform = Transform3D(1, 0, 0, 0, 1, 0, 0, 0, 1, -174.571, 64.78, -24.4955)
ObjId = 304
CaptureArea = NodePath("../../NeutralObjectives/CapturePointD/AreaTriggerD/D_PolygonVolume")

[node name="CapturePointE" parent="KOTH_Prefab/Objectives/Team2Objectives" unique_id=1690868796 node_paths=PackedStringArray("CaptureArea") instance=ExtResource("8_o6max")]
transform = Transform3D(1, 0, 0, 0, 1, 0, 0, 0, 1, -166.807, 64.1388, 14.019)
ObjId = 305
CaptureArea = NodePath("../../NeutralObjectives/CapturePointE/AreaTriggerE/E_PolygonVolume")

[node name="NeutralObjectives" parent="KOTH_Prefab/Objectives" unique_id=1624253206 node_paths=PackedStringArray("SectorArea", "CapturePoints") instance=ExtResource("7_0paoj")]
ObjId = 400
SectorArea = NodePath("")
CapturePoints = [NodePath("CapturePointA"), NodePath("CapturePointB"), NodePath("CapturePointC"), NodePath("CapturePointD"), NodePath("CapturePointE")]

[node name="CapturePointA" parent="KOTH_Prefab/Objectives/NeutralObjectives" unique_id=1282660891 node_paths=PackedStringArray("CaptureArea") instance=ExtResource("8_o6max")]
transform = Transform3D(1, 0, 0, 0, 1, 0, 0, 0, 1, -155.839, 66.904, 50.0697)
ObjId = 401
CaptureArea = NodePath("AreaTriggerA/A_PolygonVolume")

[node name="AreaTriggerA" parent="KOTH_Prefab/Objectives/NeutralObjectives/CapturePointA" unique_id=969383859 node_paths=PackedStringArray("Area") instance=ExtResource("9_rkowa")]
ObjId = 501
Area = NodePath("A_PolygonVolume")

[node name="A_PolygonVolume" parent="KOTH_Prefab/Objectives/NeutralObjectives/CapturePointA/AreaTriggerA" unique_id=425715099 instance=ExtResource("2_4qigq")]
transform = Transform3D(1, 0, 0, 0, 1, 0, 0, 0, 1, 0, -0.281052, 0)
points = PackedVector2Array(-8.06512, -12.3474, -8.0555, 11.9894, 3.7991, 12.0791, 3.82245, 9.35764, 7.39931, 9.34906, 7.41762, 5.0092, 7.98036, 5.04123, 8.05486, -2.12947, 7.34576, -2.07801, 7.55324, -12.3446)
height = 3.0

[node name="CapturePointB" parent="KOTH_Prefab/Objectives/NeutralObjectives" unique_id=1253002907 node_paths=PackedStringArray("CaptureArea") instance=ExtResource("8_o6max")]
transform = Transform3D(1, 0, 0, 0, 1, 0, 0, 0, 1, -168.148, 65.3923, 117.085)
ObjId = 402
CaptureArea = NodePath("AreaTriggerB/B_PolygonVolume")

[node name="AreaTriggerB" parent="KOTH_Prefab/Objectives/NeutralObjectives/CapturePointB" unique_id=1471447124 node_paths=PackedStringArray("Area") instance=ExtResource("9_rkowa")]
ObjId = 502
Area = NodePath("B_PolygonVolume")

[node name="B_PolygonVolume" parent="KOTH_Prefab/Objectives/NeutralObjectives/CapturePointB/AreaTriggerB" unique_id=517279481 instance=ExtResource("2_4qigq")]
transform = Transform3D(1, 0, 0, 0, 1, 0, 0, 0, 1, 0, -0.46637, 0)
points = PackedVector2Array(3.71542, -6.51025, 3.71669, -5.94364, -1.44827, -5.93445, -9.0486, -5.89869, -9.13242, -7.0388, -15.2297, -7.40614, -16.0666, 4.67471, -8.6188, 4.65408, -8.54715, 6.45916, 11.3661, 6.39776, 11.7885, -6.41592)

[node name="CapturePointC" parent="KOTH_Prefab/Objectives/NeutralObjectives" unique_id=1708812379 node_paths=PackedStringArray("CaptureArea") instance=ExtResource("8_o6max")]
transform = Transform3D(1, 0, 0, 0, 1, 0, 0, 0, 1, -206.402, 67.1146, 63.1964)
ObjId = 403
CaptureArea = NodePath("AreaTriggerC/C_PolygonVolume")

[node name="AreaTriggerC" parent="KOTH_Prefab/Objectives/NeutralObjectives/CapturePointC" unique_id=1133094846 node_paths=PackedStringArray("Area") instance=ExtResource("9_rkowa")]
ObjId = 503
Area = NodePath("C_PolygonVolume")

[node name="C_PolygonVolume" parent="KOTH_Prefab/Objectives/NeutralObjectives/CapturePointC/AreaTriggerC" unique_id=2022413496 instance=ExtResource("2_4qigq")]
transform = Transform3D(1, 0, 0, 0, 1, 0, 0, 0, 1, 0, 0.217148, -4.91036)
points = PackedVector2Array(-8.63689, -5.96149, -8.80713, 10.22, 9.35684, 10.1934, 9.34413, -5.86832)

[node name="CapturePointD" parent="KOTH_Prefab/Objectives/NeutralObjectives" unique_id=1624413358 node_paths=PackedStringArray("CaptureArea") instance=ExtResource("8_o6max")]
transform = Transform3D(1, 0, 0, 0, 1, 0, 0, 0, 1, -174.571, 64.78, -24.4955)
ObjId = 404
CaptureArea = NodePath("AreaTriggerD/D_PolygonVolume")

[node name="AreaTriggerD" parent="KOTH_Prefab/Objectives/NeutralObjectives/CapturePointD" unique_id=521966970 node_paths=PackedStringArray("Area") instance=ExtResource("9_rkowa")]
ObjId = 504
Area = NodePath("D_PolygonVolume")

[node name="D_PolygonVolume" parent="KOTH_Prefab/Objectives/NeutralObjectives/CapturePointD/AreaTriggerD" unique_id=524156086 instance=ExtResource("2_4qigq")]
points = PackedVector2Array(-3.69876, -10.629, -3.75804, -7.89095, -6.59723, -7.84156, -6.21359, 3.65588, 5.2077, 3.57743, 5.29196, -10.5399)

[node name="CapturePointE" parent="KOTH_Prefab/Objectives/NeutralObjectives" unique_id=1501927550 node_paths=PackedStringArray("CaptureArea") instance=ExtResource("8_o6max")]
transform = Transform3D(1, 0, 0, 0, 1, 0, 0, 0, 1, -166.807, 64.1388, 14.019)
ObjId = 405
CaptureArea = NodePath("AreaTriggerE/E_PolygonVolume")

[node name="AreaTriggerE" parent="KOTH_Prefab/Objectives/NeutralObjectives/CapturePointE" unique_id=570007639 node_paths=PackedStringArray("Area") instance=ExtResource("9_rkowa")]
ObjId = 505
Area = NodePath("E_PolygonVolume")

[node name="E_PolygonVolume" parent="KOTH_Prefab/Objectives/NeutralObjectives/CapturePointE/AreaTriggerE" unique_id=1697942338 instance=ExtResource("2_4qigq")]
transform = Transform3D(1, 0, 0, 0, 1, 0, 0, 0, 1, 0.25735497, 0.8080635, 0.55660915)
points = PackedVector2Array(-12.1477, -7.88494, -11.9774, 7.8626, 12.0492, 7.93422, 12.0985, -7.83566)
height = 3.0

[node name="PresenceGrid" parent="KOTH_Prefab" unique_id=2134120326 instance=ExtResource("7_0paoj")]
transform = Transform3D(1, 0, 0, 0, 1, 0, 0, 0, 1, 0.0030517578, 24.429085, -0.07604313)

[node name="Zone North_West" parent="KOTH_Prefab/PresenceGrid" unique_id=922691325 node_paths=PackedStringArray("Area") instance=ExtResource("9_rkowa")]
ObjId = 901
Area = NodePath("PolygonVolume_901")

[node name="PolygonVolume_901" parent="KOTH_Prefab/PresenceGrid/Zone North_West" unique_id=1839031092 instance=ExtResource("2_4qigq")]
transform = Transform3D(1, 0, 0, 0, 1, 0, 0, 0, 1, -5.04532, 0, -5.08432)
points = PackedVector2Array(-113.366, -141.001, -111.115, 3.81788, 5, 5, 3.42509, -140.002)
height = 50.0

[node name="Zone North_East" parent="KOTH_Prefab/PresenceGrid" unique_id=1315743064 node_paths=PackedStringArray("Area") instance=ExtResource("9_rkowa")]
ObjId = 902
Area = NodePath("PolygonVolume_902")

[node name="PolygonVolume_902" parent="KOTH_Prefab/PresenceGrid/Zone North_East" unique_id=1531132599 instance=ExtResource("2_4qigq")]
transform = Transform3D(1, 0, 0, 0, 1, 0, 0, 0, 1, 5.07014, 0, -5.1659)
points = PackedVector2Array(-6.43181, -139.921, -5, 5, 112.881, 3.89946, 113.632, -140.169)
height = 50.0

[node name="Zone South_West" parent="KOTH_Prefab/PresenceGrid" unique_id=2031896864 node_paths=PackedStringArray("Area") instance=ExtResource("9_rkowa")]
ObjId = 903
Area = NodePath("PolygonVolume_903")

[node name="PolygonVolume_903" parent="KOTH_Prefab/PresenceGrid/Zone South_West" unique_id=552529268 instance=ExtResource("2_4qigq")]
transform = Transform3D(1, 0, 0, 0, 1, 0, 0, 0, 1, -5.07159, 0, 5.05967)
points = PackedVector2Array(-111.056, -6.07712, -114.52, 130.69, 7.12582, 130.69, 5, -5)
height = 50.0

[node name="Zone South_East" parent="KOTH_Prefab/PresenceGrid" unique_id=817116572 node_paths=PackedStringArray("Area") instance=ExtResource("9_rkowa")]
ObjId = 904
Area = NodePath("PolygonVolume_904")

[node name="PolygonVolume_904" parent="KOTH_Prefab/PresenceGrid/Zone South_East" unique_id=123264268 instance=ExtResource("2_4qigq")]
transform = Transform3D(1, 0, 0, 0, 1, 0, 0, 0, 1, 5.04881, 0, 5.00859)
points = PackedVector2Array(-5, -5, -2.83714, 130.93, 108.572, 130.393, 112.823, -6.05431)
height = 50.0

[node name="SpawnAnchors" type="Node3D" parent="KOTH_Prefab" unique_id=1802988259]
transform = Transform3D(1, 0, 0, 0, 1, 0, 0, 0, 1, 165.23605, -28.83471, -8.082653)

[node name="Objective_A" parent="KOTH_Prefab/SpawnAnchors" unique_id=1835913875 instance=ExtResource("7_0paoj")]
transform = Transform3D(1, 0, 0, 0, 1, 0, 0, 0, 1, -217.796, 67.0606, 58.1085)

[node name="Side_West" type="Node3D" parent="KOTH_Prefab/SpawnAnchors/Objective_A" unique_id=2067593105]

[node name="Variant_North" type="Node3D" parent="KOTH_Prefab/SpawnAnchors/Objective_A/Side_West" unique_id=767555226]

[node name="Anchor_1311" parent="KOTH_Prefab/SpawnAnchors/Objective_A/Side_West/Variant_North" unique_id=2057217440 instance=ExtResource("10_lqc00")]
transform = Transform3D(-1.31134e-07, 3.82137e-15, -1, -8.74228e-08, -1, 7.64275e-15, -1, 8.74228e-08, 1.31134e-07, 4.86977, -0.17572, -10.6968)
ObjId = 1311

[node name="Anchor_1312" parent="KOTH_Prefab/SpawnAnchors/Objective_A/Side_West/Variant_North" unique_id=406619268 instance=ExtResource("10_lqc00")]
transform = Transform3D(0.0235598, 0, -0.999723, 2.9794e-08, -1, 7.02133e-10, -0.999722, -2.98023e-08, -0.0235598, 0.830475, -0.349464, -4.58467)
ObjId = 1312

[node name="Anchor_1313" parent="KOTH_Prefab/SpawnAnchors/Objective_A/Side_West/Variant_North" unique_id=1091203808 instance=ExtResource("10_lqc00")]
transform = Transform3D(0.0235598, 0, -0.999723, 2.9794e-08, -1, 7.02133e-10, -0.999722, -2.98023e-08, -0.0235598, -4.77205, -0.349464, -3.137)
ObjId = 1313

[node name="Anchor_1314" parent="KOTH_Prefab/SpawnAnchors/Objective_A/Side_West/Variant_North" unique_id=187219558 instance=ExtResource("10_lqc00")]
transform = Transform3D(0.0235596, 0, -0.999723, 2.9794e-08, -1, 7.02128e-10, -0.999722, -2.98023e-08, -0.0235596, -3.92609, -0.078064, 4.26781)
ObjId = 1314

[node name="Anchor_1315" parent="KOTH_Prefab/SpawnAnchors/Objective_A/Side_West/Variant_North" unique_id=1046105828 instance=ExtResource("10_lqc00")]
transform = Transform3D(0.0235598, 0, -0.999723, 2.9794e-08, -1, 7.02133e-10, -0.999722, -2.98023e-08, -0.0235598, 8.32675, 0.482674, 13.294)
ObjId = 1315

[node name="Variant_South" type="Node3D" parent="KOTH_Prefab/SpawnAnchors/Objective_A/Side_West" unique_id=504609576]

[node name="Anchor_1321" parent="KOTH_Prefab/SpawnAnchors/Objective_A/Side_West/Variant_South" unique_id=1552094587 instance=ExtResource("10_lqc00")]
transform = Transform3D(-0.999393, 7.10543e-15, 0.0348298, 3.04492e-09, -1, 8.73698e-08, 0.0348298, 8.74228e-08, 0.999393, 51.6959, -1.61521, 46.5425)
ObjId = 1321

[node name="Anchor_1322" parent="KOTH_Prefab/SpawnAnchors/Objective_A/Side_West/Variant_South" unique_id=2113769297 instance=ExtResource("10_lqc00")]
transform = Transform3D(-0.996042, 0, 0.0888769, -2.64875e-09, -1, -2.96844e-08, 0.0888768, -2.98023e-08, 0.996043, 51.644, -0.975121, 69.7715)
ObjId = 1322

[node name="Anchor_1323" parent="KOTH_Prefab/SpawnAnchors/Objective_A/Side_West/Variant_South" unique_id=1485516928 instance=ExtResource("10_lqc00")]
transform = Transform3D(-0.99944, 0, 0.0334343, -9.9643e-10, -1, -2.97857e-08, 0.0334342, -2.98023e-08, 0.999442, 38.9442, -1.45425, 55.0436)
ObjId = 1323

[node name="Anchor_1324" parent="KOTH_Prefab/SpawnAnchors/Objective_A/Side_West/Variant_South" unique_id=39918495 instance=ExtResource("10_lqc00")]
transform = Transform3D(-0.999838, 0, 0.0179586, -5.3522e-10, -1, -2.97975e-08, 0.0179586, -2.98023e-08, 0.999839, 51.2929, -1.64288, 63.6449)
ObjId = 1324

[node name="Anchor_1325" parent="KOTH_Prefab/SpawnAnchors/Objective_A/Side_West/Variant_South" unique_id=807296922 instance=ExtResource("10_lqc00")]
transform = Transform3D(-0.994246, 0, 0.107114, -3.19227e-09, -1, -2.96309e-08, 0.107114, -2.98023e-08, 0.994247, 53.8447, -1.66644, 61.9342)
ObjId = 1325

[node name="Side_East" parent="KOTH_Prefab/SpawnAnchors/Objective_A" unique_id=1772549528 instance=ExtResource("7_0paoj")]
transform = Transform3D(1, 0, 0, 0, 1, 0, 0, 0, 1, 122.115, 0, 0)

[node name="Variant_North" type="Node3D" parent="KOTH_Prefab/SpawnAnchors/Objective_A/Side_East" unique_id=107665490]

[node name="Anchor_1411" parent="KOTH_Prefab/SpawnAnchors/Objective_A/Side_East/Variant_North" unique_id=435413528 instance=ExtResource("10_lqc00")]
transform = Transform3D(0.999995, 7.10543e-15, 0.00315913, 2.76192e-10, -1, -8.74224e-08, 0.00315913, 8.74228e-08, -0.999995, -25.3523, -1.37528, -58.0004)
ObjId = 1411

[node name="Anchor_1412" parent="KOTH_Prefab/SpawnAnchors/Objective_A/Side_East/Variant_North" unique_id=467537326 instance=ExtResource("10_lqc00")]
transform = Transform3D(0.998711, 0, 0.0507671, -1.51298e-09, -1, 2.97639e-08, 0.0507671, -2.98023e-08, -0.998711, -25.4042, -1.37528, -55.7982)
ObjId = 1412

[node name="Anchor_1413" parent="KOTH_Prefab/SpawnAnchors/Objective_A/Side_East/Variant_North" unique_id=1406380279 instance=ExtResource("10_lqc00")]
transform = Transform3D(0.997587, 0, -0.0694258, 2.06904e-09, -1, 2.97304e-08, -0.0694258, -2.98023e-08, -0.997587, -27.1167, -1.37528, -55.8385)
ObjId = 1413

[node name="Anchor_1414" parent="KOTH_Prefab/SpawnAnchors/Objective_A/Side_East/Variant_North" unique_id=1215561244 instance=ExtResource("10_lqc00")]
transform = Transform3D(0.717336, 0, 0.696727, -2.0764e-08, -1, 2.13782e-08, 0.696727, -2.98023e-08, -0.717336, -25.7553, -1.10388, -45.5105)
ObjId = 1414

[node name="Anchor_1415" parent="KOTH_Prefab/SpawnAnchors/Objective_A/Side_East/Variant_North" unique_id=1908358420 instance=ExtResource("10_lqc00")]
transform = Transform3D(0.612535, 0, 0.790444, -2.3557e-08, -1, 1.82549e-08, 0.790444, -2.98023e-08, -0.612535, -23.0156, -1.10395, -45.0831)
ObjId = 1415

[node name="Variant_South" type="Node3D" parent="KOTH_Prefab/SpawnAnchors/Objective_A/Side_East" unique_id=484011415]

[node name="Anchor_1421" parent="KOTH_Prefab/SpawnAnchors/Objective_A/Side_East/Variant_South" unique_id=146268525 instance=ExtResource("10_lqc00")]
transform = Transform3D(-0.525558, 0.0285552, 0.850279, -0.054253, -0.998527, 4.84288e-08, 0.849026, -0.0461302, 0.526333, -4.92184, -2.70596, -3.83239)
ObjId = 1421

[node name="Anchor_1422" parent="KOTH_Prefab/SpawnAnchors/Objective_A/Side_East/Variant_South" unique_id=1603420146 instance=ExtResource("10_lqc00")]
transform = Transform3D(-0.546511, 0, 0.837452, -2.4958e-08, -1, -1.62873e-08, 0.837452, -2.98023e-08, 0.546511, -4.97533, -2.64815, -5.26769)
ObjId = 1422

[node name="Anchor_1423" parent="KOTH_Prefab/SpawnAnchors/Objective_A/Side_East/Variant_South" unique_id=637689658 instance=ExtResource("10_lqc00")]
transform = Transform3D(-0.753127, 0, 0.657875, -1.96062e-08, -1, -2.24449e-08, 0.657875, -2.98023e-08, 0.753127, -6.68784, -2.64815, -3.97749)
ObjId = 1423

[node name="Anchor_1424" parent="KOTH_Prefab/SpawnAnchors/Objective_A/Side_East/Variant_South" unique_id=2005405949 instance=ExtResource("10_lqc00")]
transform = Transform3D(-0.542544, 0, 0.840027, -2.50347e-08, -1, -1.61691e-08, 0.840027, -2.98023e-08, 0.542544, -32.1714, 0.106049, 7.82588)
ObjId = 1424

[node name="Anchor_1425" parent="KOTH_Prefab/SpawnAnchors/Objective_A/Side_East/Variant_South" unique_id=2142399323 instance=ExtResource("10_lqc00")]
transform = Transform3D(-0.0189879, 0, 0.99982, -2.97969e-08, -1, -5.65935e-10, 0.99982, -2.98023e-08, 0.0189879, -5.5323, -2.68493, 38.1487)
ObjId = 1425

[node name="Objective_B" parent="KOTH_Prefab/SpawnAnchors" unique_id=1473234965 instance=ExtResource("7_0paoj")]
transform = Transform3D(1, 0, 0, 0, 1, 0, 0, 0, 1, -217.796, 67.0606, 58.1085)

[node name="Side_West" type="Node3D" parent="KOTH_Prefab/SpawnAnchors/Objective_B" unique_id=322260503]

[node name="Variant_North" type="Node3D" parent="KOTH_Prefab/SpawnAnchors/Objective_B/Side_West" unique_id=1247556993]

[node name="Anchor_2311" parent="KOTH_Prefab/SpawnAnchors/Objective_B/Side_West/Variant_North" unique_id=1075156888 instance=ExtResource("10_lqc00")]
transform = Transform3D(-1.31134e-07, 3.82137e-15, -1, -8.74228e-08, -1, 7.64275e-15, -1, 8.74228e-08, 1.31134e-07, -14.8802, -0.828522, 8.33117)
ObjId = 2311

[node name="Anchor_2312" parent="KOTH_Prefab/SpawnAnchors/Objective_B/Side_West/Variant_North" unique_id=1056782718 instance=ExtResource("10_lqc00")]
transform = Transform3D(0.0235598, 0, -0.999723, 2.9794e-08, -1, 7.02133e-10, -0.999722, -2.98023e-08, -0.0235598, -17.2623, -0.109985, 21.7036)
ObjId = 2312

[node name="Anchor_2313" parent="KOTH_Prefab/SpawnAnchors/Objective_B/Side_West/Variant_North" unique_id=869002840 instance=ExtResource("10_lqc00")]
transform = Transform3D(0.0235598, 0, -0.999723, 2.9794e-08, -1, 7.02133e-10, -0.999722, -2.98023e-08, -0.0235598, -22.63, -0.743393, 25.0655)
ObjId = 2313

[node name="Anchor_2314" parent="KOTH_Prefab/SpawnAnchors/Objective_B/Side_West/Variant_North" unique_id=1856800179 instance=ExtResource("10_lqc00")]
transform = Transform3D(0.0235596, 0, -0.999723, 2.9794e-08, -1, 7.02128e-10, -0.999722, -2.98023e-08, -0.0235596, -0.19458, -0.00404358, 22.9411)
ObjId = 2314

[node name="Anchor_2315" parent="KOTH_Prefab/SpawnAnchors/Objective_B/Side_West/Variant_North" unique_id=1394612589 instance=ExtResource("10_lqc00")]
transform = Transform3D(0.0235598, 0, -0.999723, 2.9794e-08, -1, 7.02133e-10, -0.999722, -2.98023e-08, -0.0235598, 1.19019, -0.00411224, 26.6321)
ObjId = 2315

[node name="Variant_South" type="Node3D" parent="KOTH_Prefab/SpawnAnchors/Objective_B/Side_West" unique_id=2142782157]

[node name="Anchor_2321" parent="KOTH_Prefab/SpawnAnchors/Objective_B/Side_West/Variant_South" unique_id=76636103 instance=ExtResource("10_lqc00")]
transform = Transform3D(-0.999393, 7.10543e-15, 0.0348298, 3.04492e-09, -1, 8.73698e-08, 0.0348298, 8.74228e-08, 0.999393, -19.5575, -0.158882, 43.2649)
ObjId = 2321

[node name="Anchor_2322" parent="KOTH_Prefab/SpawnAnchors/Objective_B/Side_West/Variant_South" unique_id=1475737499 instance=ExtResource("10_lqc00")]
transform = Transform3D(-0.996042, 0, 0.0888769, -2.64875e-09, -1, -2.96844e-08, 0.0888768, -2.98023e-08, 0.996043, -20.2302, -0.05513, 52.4002)
ObjId = 2322

[node name="Anchor_2323" parent="KOTH_Prefab/SpawnAnchors/Objective_B/Side_West/Variant_South" unique_id=1391007546 instance=ExtResource("10_lqc00")]
transform = Transform3D(-0.99944, 0, 0.0334343, -9.9643e-10, -1, -2.97857e-08, 0.0334342, -2.98023e-08, 0.999442, -20.2509, -0.433113, 53.8736)
ObjId = 2323

[node name="Anchor_2324" parent="KOTH_Prefab/SpawnAnchors/Objective_B/Side_West/Variant_South" unique_id=56814165 instance=ExtResource("10_lqc00")]
transform = Transform3D(-0.999838, 0, 0.0179586, -5.3522e-10, -1, -2.97975e-08, 0.0179586, -2.98023e-08, 0.999839, 1.73106, -0.236107, 48.4062)
ObjId = 2324

[node name="Anchor_2325" parent="KOTH_Prefab/SpawnAnchors/Objective_B/Side_West/Variant_South" unique_id=1484665389 instance=ExtResource("10_lqc00")]
transform = Transform3D(-0.994246, 0, 0.107114, -3.19227e-09, -1, -2.96309e-08, 0.107114, -2.98023e-08, 0.994247, 4.4238, -0.0574036, 53.7645)
ObjId = 2325

[node name="Side_East" parent="KOTH_Prefab/SpawnAnchors/Objective_B" unique_id=1573815963 instance=ExtResource("7_0paoj")]
transform = Transform3D(1, 0, 0, 0, 1, 0, 0, 0, 1, 122.115, 0, 0)

[node name="Variant_North" type="Node3D" parent="KOTH_Prefab/SpawnAnchors/Objective_B/Side_East" unique_id=2113610900]

[node name="Anchor_2411" parent="KOTH_Prefab/SpawnAnchors/Objective_B/Side_East/Variant_North" unique_id=1710839553 instance=ExtResource("10_lqc00")]
transform = Transform3D(0.999995, 7.10543e-15, 0.00315913, 2.76192e-10, -1, -8.74224e-08, 0.00315913, 8.74228e-08, -0.999995, -5.31834, -2.59528, -5.60949)
ObjId = 2411

[node name="Anchor_2412" parent="KOTH_Prefab/SpawnAnchors/Objective_B/Side_East/Variant_North" unique_id=1703080801 instance=ExtResource("10_lqc00")]
transform = Transform3D(0.998711, 0, 0.0507671, -1.51298e-09, -1, 2.97639e-08, 0.0507671, -2.98023e-08, -0.998711, -11.5932, -2.35681, 9.18178)
ObjId = 2412

[node name="Anchor_2413" parent="KOTH_Prefab/SpawnAnchors/Objective_B/Side_East/Variant_North" unique_id=598870981 instance=ExtResource("10_lqc00")]
transform = Transform3D(0.997587, 0, -0.0694258, 2.06904e-09, -1, 2.97304e-08, -0.0694258, -2.98023e-08, -0.997587, -19.8218, -2.15405, 19.0723)
ObjId = 2413

[node name="Anchor_2414" parent="KOTH_Prefab/SpawnAnchors/Objective_B/Side_East/Variant_North" unique_id=1922393956 instance=ExtResource("10_lqc00")]
transform = Transform3D(0.717336, 0, 0.696727, -2.0764e-08, -1, 2.13782e-08, 0.696727, -2.98023e-08, -0.717336, -32.6359, 0.283226, 14.3267)
ObjId = 2414
metadata/_edit_group_ = true

[node name="Anchor_2415" parent="KOTH_Prefab/SpawnAnchors/Objective_B/Side_East/Variant_North" unique_id=223604525 instance=ExtResource("10_lqc00")]
transform = Transform3D(0.612535, 0, 0.790444, -2.3557e-08, -1, 1.82549e-08, 0.790444, -2.98023e-08, -0.612535, -5.92721, -2.56168, 40.1523)
ObjId = 2415

[node name="Variant_South" type="Node3D" parent="KOTH_Prefab/SpawnAnchors/Objective_B/Side_East" unique_id=637102359]

[node name="Anchor_2421" parent="KOTH_Prefab/SpawnAnchors/Objective_B/Side_East/Variant_South" unique_id=198928184 instance=ExtResource("10_lqc00")]
transform = Transform3D(-0.525558, 0.0285552, 0.850279, -0.054253, -0.998527, 4.84288e-08, 0.849026, -0.0461302, 0.526333, -44.0088, -1.73555, 51.8868)
ObjId = 2421

[node name="Anchor_2422" parent="KOTH_Prefab/SpawnAnchors/Objective_B/Side_East/Variant_South" unique_id=25160574 instance=ExtResource("10_lqc00")]
transform = Transform3D(-0.546511, 0, 0.837452, -2.4958e-08, -1, -1.62873e-08, 0.837452, -2.98023e-08, 0.546511, -15.8465, -2.71962, 53.7439)
ObjId = 2422

[node name="Anchor_2423" parent="KOTH_Prefab/SpawnAnchors/Objective_B/Side_East/Variant_South" unique_id=1228433078 instance=ExtResource("10_lqc00")]
transform = Transform3D(-0.753127, 0, 0.657875, -1.96062e-08, -1, -2.24449e-08, 0.657875, -2.98023e-08, 0.753127, -44.572, -2.71962, 55.6003)
ObjId = 2423

[node name="Anchor_2424" parent="KOTH_Prefab/SpawnAnchors/Objective_B/Side_East/Variant_South" unique_id=616545137 instance=ExtResource("10_lqc00")]
transform = Transform3D(-0.542544, 0, 0.840027, -2.50347e-08, -1, -1.61691e-08, 0.840027, -2.98023e-08, 0.542544, -39.8111, -1.83403, 48.5871)
ObjId = 2424

[node name="Anchor_2425" parent="KOTH_Prefab/SpawnAnchors/Objective_B/Side_East/Variant_South" unique_id=1363188130 instance=ExtResource("10_lqc00")]
transform = Transform3D(-0.0189879, 0, 0.99982, -2.97969e-08, -1, -5.65935e-10, 0.99982, -2.98023e-08, 0.0189879, -12.5587, -2.78669, 60.5817)
ObjId = 2425

[node name="Objective_C" parent="KOTH_Prefab/SpawnAnchors" unique_id=1379683747 instance=ExtResource("7_0paoj")]
transform = Transform3D(1, 0, 0, 0, 1, 0, 0, 0, 1, -217.796, 67.0606, 58.1085)

[node name="Side_West" type="Node3D" parent="KOTH_Prefab/SpawnAnchors/Objective_C" unique_id=779578104]

[node name="Variant_North" type="Node3D" parent="KOTH_Prefab/SpawnAnchors/Objective_C/Side_West" unique_id=1000154631]

[node name="Anchor_3311" parent="KOTH_Prefab/SpawnAnchors/Objective_C/Side_West/Variant_North" unique_id=1006830043 instance=ExtResource("10_lqc00")]
transform = Transform3D(-1.31134e-07, 3.82137e-15, -1, -8.74228e-08, -1, 7.64275e-15, -1, 8.74228e-08, 1.31134e-07, -13.8631, -2.85961, -56.9632)
ObjId = 3311

[node name="Anchor_3312" parent="KOTH_Prefab/SpawnAnchors/Objective_C/Side_West/Variant_North" unique_id=796697356 instance=ExtResource("10_lqc00")]
transform = Transform3D(0.0235598, 0, -0.999723, 2.9794e-08, -1, 7.02133e-10, -0.999722, -2.98023e-08, -0.0235598, -13.915, -2.85961, -54.761)
ObjId = 3312

[node name="Anchor_3313" parent="KOTH_Prefab/SpawnAnchors/Objective_C/Side_West/Variant_North" unique_id=1049101223 instance=ExtResource("10_lqc00")]
transform = Transform3D(0.0235598, 0, -0.999723, 2.9794e-08, -1, 7.02133e-10, -0.999722, -2.98023e-08, -0.0235598, -33.7256, -2.63454, -54.2606)
ObjId = 3313

[node name="Anchor_3314" parent="KOTH_Prefab/SpawnAnchors/Objective_C/Side_West/Variant_North" unique_id=904908709 instance=ExtResource("10_lqc00")]
transform = Transform3D(0.0235596, 0, -0.999723, 2.9794e-08, -1, 7.02128e-10, -0.999722, -2.98023e-08, -0.0235596, -15.2259, -2.58821, -29.4535)
ObjId = 3314

[node name="Anchor_3315" parent="KOTH_Prefab/SpawnAnchors/Objective_C/Side_West/Variant_North" unique_id=674876119 instance=ExtResource("10_lqc00")]
transform = Transform3D(0.0235598, 0, -0.999723, 2.9794e-08, -1, 7.02133e-10, -0.999722, -2.98023e-08, -0.0235598, -9.39755, -2.58828, -29.8494)
ObjId = 3315

[node name="Variant_South" type="Node3D" parent="KOTH_Prefab/SpawnAnchors/Objective_C/Side_West" unique_id=304740344]

[node name="Anchor_3321" parent="KOTH_Prefab/SpawnAnchors/Objective_C/Side_West/Variant_South" unique_id=862291742 instance=ExtResource("10_lqc00")]
transform = Transform3D(-0.999393, 7.10543e-15, 0.0348298, 3.04492e-09, -1, 8.73698e-08, 0.0348298, 8.74228e-08, 0.999393, 49.5781, -1.61521, 46.7678)
ObjId = 3321

[node name="Anchor_3322" parent="KOTH_Prefab/SpawnAnchors/Objective_C/Side_West/Variant_South" unique_id=535446087 instance=ExtResource("10_lqc00")]
transform = Transform3D(-0.996042, 0, 0.0888769, -2.64875e-09, -1, -2.96844e-08, 0.0888768, -2.98023e-08, 0.996043, 45.4577, -0.922562, 69.4457)
ObjId = 3322

[node name="Anchor_3323" parent="KOTH_Prefab/SpawnAnchors/Objective_C/Side_West/Variant_South" unique_id=1292615977 instance=ExtResource("10_lqc00")]
transform = Transform3D(-0.99944, 0, 0.0334343, -9.9643e-10, -1, -2.97857e-08, 0.0334342, -2.98023e-08, 0.999442, 49.9315, -1.61521, 48.7044)
ObjId = 3323

[node name="Anchor_3324" parent="KOTH_Prefab/SpawnAnchors/Objective_C/Side_West/Variant_South" unique_id=187706848 instance=ExtResource("10_lqc00")]
transform = Transform3D(-0.999838, 0, 0.0179586, -5.3522e-10, -1, -2.97975e-08, 0.0179586, -2.98023e-08, 0.999839, 51.2929, -1.64288, 63.6449)
ObjId = 3324

[node name="Anchor_3325" parent="KOTH_Prefab/SpawnAnchors/Objective_C/Side_West/Variant_South" unique_id=1816289821 instance=ExtResource("10_lqc00")]
transform = Transform3D(-0.994246, 0, 0.107114, -3.19227e-09, -1, -2.96309e-08, 0.107114, -2.98023e-08, 0.994247, 53.8447, -1.66644, 61.9342)
ObjId = 3325

[node name="Side_East" parent="KOTH_Prefab/SpawnAnchors/Objective_C" unique_id=1744471503 instance=ExtResource("7_0paoj")]
transform = Transform3D(1, 0, 0, 0, 1, 0, 0, 0, 1, 122.115, 0, 0)

[node name="Variant_North" type="Node3D" parent="KOTH_Prefab/SpawnAnchors/Objective_C/Side_East" unique_id=596903907]

[node name="Anchor_3411" parent="KOTH_Prefab/SpawnAnchors/Objective_C/Side_East/Variant_North" unique_id=1207480269 instance=ExtResource("10_lqc00")]
transform = Transform3D(0.999995, 7.10543e-15, 0.00315913, 2.76192e-10, -1, -8.74224e-08, 0.00315913, 8.74228e-08, -0.999995, -61.4793, -0.363029, -31.1814)
ObjId = 3411

[node name="Anchor_3412" parent="KOTH_Prefab/SpawnAnchors/Objective_C/Side_East/Variant_North" unique_id=787383229 instance=ExtResource("10_lqc00")]
transform = Transform3D(0.998711, 0, 0.0507671, -1.51298e-09, -1, 2.97639e-08, 0.0507671, -2.98023e-08, -0.998711, -54.9723, -0.392067, -31.9955)
ObjId = 3412

[node name="Anchor_3413" parent="KOTH_Prefab/SpawnAnchors/Objective_C/Side_East/Variant_North" unique_id=1607443709 instance=ExtResource("10_lqc00")]
transform = Transform3D(0.997587, 0, -0.0694258, 2.06904e-09, -1, 2.97304e-08, -0.0694258, -2.98023e-08, -0.997587, -66.0537, 0.0965729, -18.1313)
ObjId = 3413

[node name="Anchor_3414" parent="KOTH_Prefab/SpawnAnchors/Objective_C/Side_East/Variant_North" unique_id=2047319576 instance=ExtResource("10_lqc00")]
transform = Transform3D(0.717336, 0, 0.696727, -2.0764e-08, -1, 2.13782e-08, 0.696727, -2.98023e-08, -0.717336, -60.0006, -0.30101, -17.0862)
ObjId = 3414

[node name="Anchor_3415" parent="KOTH_Prefab/SpawnAnchors/Objective_C/Side_East/Variant_North" unique_id=1583368604 instance=ExtResource("10_lqc00")]
transform = Transform3D(0.612535, 0, 0.790444, -2.3557e-08, -1, 1.82549e-08, 0.790444, -2.98023e-08, -0.612535, -62.7795, -0.301079, -25.721)
ObjId = 3415

[node name="Variant_South" type="Node3D" parent="KOTH_Prefab/SpawnAnchors/Objective_C/Side_East" unique_id=817482963]

[node name="Anchor_3421" parent="KOTH_Prefab/SpawnAnchors/Objective_C/Side_East/Variant_South" unique_id=746745082 instance=ExtResource("10_lqc00")]
transform = Transform3D(-0.525558, 0.0285552, 0.850279, -0.054253, -0.998527, 4.84288e-08, 0.849026, -0.0461302, 0.526333, -55.1279, 1.39674, 10.4496)
ObjId = 3421

[node name="Anchor_3422" parent="KOTH_Prefab/SpawnAnchors/Objective_C/Side_East/Variant_South" unique_id=420162633 instance=ExtResource("10_lqc00")]
transform = Transform3D(-0.546511, 0, 0.837452, -2.4958e-08, -1, -1.62873e-08, 0.837452, -2.98023e-08, 0.546511, -37.0244, -0.0417175, -8.75252)
ObjId = 3422

[node name="Anchor_3423" parent="KOTH_Prefab/SpawnAnchors/Objective_C/Side_East/Variant_South" unique_id=660034789 instance=ExtResource("10_lqc00")]
transform = Transform3D(-0.753127, 0, 0.657875, -1.96062e-08, -1, -2.24449e-08, 0.657875, -2.98023e-08, 0.753127, -45.2255, -0.0417175, -11.3934)
ObjId = 3423

[node name="Anchor_3424" parent="KOTH_Prefab/SpawnAnchors/Objective_C/Side_East/Variant_South" unique_id=1964205961 instance=ExtResource("10_lqc00")]
transform = Transform3D(-0.542544, 0, 0.840027, -2.50347e-08, -1, -1.61691e-08, 0.840027, -2.98023e-08, 0.542544, -50.5525, 1.24981, 5.97528)
ObjId = 3424

[node name="Anchor_3425" parent="KOTH_Prefab/SpawnAnchors/Objective_C/Side_East/Variant_South" unique_id=1582789948 instance=ExtResource("10_lqc00")]
transform = Transform3D(-0.0189879, 0, 0.99982, -2.97969e-08, -1, -5.65935e-10, 0.99982, -2.98023e-08, 0.0189879, -33.0366, -0.013031, 6.60164)
ObjId = 3425

[node name="Objective_D" parent="KOTH_Prefab/SpawnAnchors" unique_id=1920950827 instance=ExtResource("7_0paoj")]
transform = Transform3D(1, 0, 0, 0, 1, 0, 0, 0, 1, -217.796, 67.0606, 58.1085)

[node name="Side_West" type="Node3D" parent="KOTH_Prefab/SpawnAnchors/Objective_D" unique_id=1924855321]

[node name="Variant_North" type="Node3D" parent="KOTH_Prefab/SpawnAnchors/Objective_D/Side_West" unique_id=739584586]

[node name="Anchor_4311" parent="KOTH_Prefab/SpawnAnchors/Objective_D/Side_West/Variant_North" unique_id=43892766 instance=ExtResource("10_lqc00")]
transform = Transform3D(-1.31134e-07, 3.82137e-15, -1, -8.74228e-08, -1, 7.64275e-15, -1, 8.74228e-08, 1.31134e-07, -27.2047, -2.9173, -53.4198)
ObjId = 4311

[node name="Anchor_4312" parent="KOTH_Prefab/SpawnAnchors/Objective_D/Side_West/Variant_North" unique_id=1556618102 instance=ExtResource("10_lqc00")]
transform = Transform3D(0.0235598, 0, -0.999723, 2.9794e-08, -1, 7.02133e-10, -0.999722, -2.98023e-08, -0.0235598, -2.2691, -1.58975, -71.8279)
ObjId = 4312

[node name="Anchor_4313" parent="KOTH_Prefab/SpawnAnchors/Objective_D/Side_West/Variant_North" unique_id=68925354 instance=ExtResource("10_lqc00")]
transform = Transform3D(0.0235598, 0, -0.999723, 2.9794e-08, -1, 7.02133e-10, -0.999722, -2.98023e-08, -0.0235598, -4.79146, -1.61, -73.3491)
ObjId = 4313

[node name="Anchor_4314" parent="KOTH_Prefab/SpawnAnchors/Objective_D/Side_West/Variant_North" unique_id=1253554137 instance=ExtResource("10_lqc00")]
transform = Transform3D(0.0235596, 0, -0.999723, 2.9794e-08, -1, 7.02128e-10, -0.999722, -2.98023e-08, -0.0235596, -3.4301, -1.60184, -70.6998)
ObjId = 4314

[node name="Anchor_4315" parent="KOTH_Prefab/SpawnAnchors/Objective_D/Side_West/Variant_North" unique_id=945865520 instance=ExtResource("10_lqc00")]
transform = Transform3D(0.0235598, 0, -0.999723, 2.9794e-08, -1, 7.02133e-10, -0.999722, -2.98023e-08, -0.0235598, -0.690399, -1.42014, -72.2302)
ObjId = 4315

