[gd_scene load_steps=26 format=3 uid="uid://b3q46tk7yvg2g"]

[ext_resource type="PackedScene" path="res://objects/Gameplay/Common/HQ_PlayerSpawner.tscn" id="1_s00kl"]
[ext_resource type="PackedScene" uid="uid://jv31so3xcr7p" path="res://addons/bf_portal/portal_tools/types/PolygonVolume/PolygonVolume.tscn" id="2_m6iky"]
[ext_resource type="PackedScene" path="res://objects/entities/SpawnPoint.tscn" id="3_yybla"]
[ext_resource type="PackedScene" path="res://objects/Gameplay/Common/CombatArea.tscn" id="4_4c451"]
[ext_resource type="PackedScene" path="res://objects/Gameplay/Common/DeployCam.tscn" id="5_a42ld"]
[ext_resource type="PackedScene" path="res://static/MP_Abbasid_Terrain.tscn" id="6_6nkwk"]
[ext_resource type="PackedScene" path="res://static/MP_Abbasid_Assets.tscn" id="7_jnf8y"]
[ext_resource type="PackedScene" path="res://objects/gameplay/common/Sector.tscn" id="7_m6iky"]
[ext_resource type="PackedScene" path="res://objects/gameplay/conquest/CapturePoint.tscn" id="8_yybla"]
[ext_resource type="PackedScene" path="res://objects/gameplay/common/AreaTrigger.tscn" id="9_4c451"]
[ext_resource type="PackedScene" path="res://objects/props/FiringRange_MatDecal_01.tscn" id="10_a42ld"]
[ext_resource type="PackedScene" path="res://objects/architecture/FiringRange_DoorwayWall_1024_01.tscn" id="11_xjfny"]
[ext_resource type="PackedScene" path="res://objects/props/BarrierStoneBlock_01_F.tscn" id="12_58o1d"]
[ext_resource type="PackedScene" path="res://objects/gameplay/common/CombatArea.tscn" id="13_68jjc"]
[ext_resource type="PackedScene" path="res://objects/architecture/FiringRange_Floor_A.tscn" id="15_vr326"]
[ext_resource type="PackedScene" path="res://objects/props/FlagPole_01_USA.tscn" id="16_clnlr"]
[ext_resource type="PackedScene" path="res://objects/gameplay/common/InteractPoint.tscn" id="17_qf6t7"]
[ext_resource type="PackedScene" path="res://objects/gameplay/common/WorldIcon.tscn" id="18_txkqn"]
[ext_resource type="PackedScene" path="res://objects/props/CommandPost_01_A.tscn" id="19_rk0dv"]
[ext_resource type="PackedScene" path="res://objects/uncategorized/CommandPost_01_PropsA.tscn" id="20_ibrri"]
[ext_resource type="PackedScene" path="res://objects/props/CommandPost_01_Drone_Props.tscn" id="21_s8fcd"]
[ext_resource type="PackedScene" path="res://objects/uncategorized/CommandPost_01_PropsB.tscn" id="22_k2puk"]
[ext_resource type="PackedScene" path="res://objects/props/ConcretePipe_01_512x256.tscn" id="23_7ipqu"]
[ext_resource type="PackedScene" path="res://objects/architecture/FiringRange_Wall_1024_01.tscn" id="24_ublpa"]
[ext_resource type="PackedScene" path="res://objects/gameplay/common/HQ_PlayerSpawner.tscn" id="25_pu48v"]

[node name="MP_Abbasid" type="Node3D"]

[node name="TeamHQs" type="Node3D" parent="."]
transform = Transform3D(1, 0, 0, 0, 1, 0, 0, 0, 1, -167.341, 64.1358, -40.584)

[node name="TEAM_1_HQ" parent="TeamHQs" node_paths=PackedStringArray("InfantrySpawns") instance=ExtResource("1_s00kl")]
transform = Transform3D(1, 0, 0, 0, 1, 0, 0, 0, 1, -77.4539, 1.26549, 99.6813)
AltTeam = 0
ObjId = 1
InfantrySpawns = [null, null, null, null]

[node name="TEAM_2_HQ" parent="TeamHQs" node_paths=PackedStringArray("InfantrySpawns") instance=ExtResource("1_s00kl")]
transform = Transform3D(1, 0, 0, 0, 1, 0, 0, 0, 1, 69.5972, 0, 103.147)
Team = 2
AltTeam = 0
ObjId = 2
InfantrySpawns = [null, null, null, null]

[node name="CombatArea" parent="." node_paths=PackedStringArray("CombatVolume") instance=ExtResource("4_4c451")]
CombatVolume = NodePath("CombatVolume")

[node name="CombatVolume" parent="CombatArea" instance=ExtResource("2_m6iky")]
transform = Transform3D(1, 0, 0, 0, 1, 0, 0, 0, 1, -147.742, 56.99, 16.9272)
points = PackedVector2Array(54.0936, 69.5527, 54.1957, 36.4418, 54.2366, 28.3361, 42.4647, 28.4901, 40.2767, 28.4589, 40.2707, 25.2797, 40.8237, 10.3837, 40.9587, -11.9825, 43.4327, -12.4244, 43.2977, -17.7372, 37.0367, -17.6518, 37.0817, -37.9429, 38.9877, -37.8554, 38.8437, -45.6988, 41.0537, -45.7872, 40.9657, -61.0775, 48.3397, -60.7635, 48.1629, -64.1221, 30.6627, -64.1221, 30.7447, -74.0931, 31.8937, -86.4667, 31.8937, -98.1333, 18.8317, -99.2552, 7.75672, -98.7606, -20.4393, -83.1295, -33.7423, -77.2947, -52.8713, -76.1754, -57.0433, -55.1129, -79.1833, -44.2553, -79.6583, -26.453, -92.2383, -25.8595, -92.4763, -16.2462, -102.564, -15.6528, -105.027, 46.4793, -105.146, 95.1388, -67.0133, 95.8408, -58.7863, 105.041, -47.4373, 107.208, -46.7903, 115.904, 6.86272, 119.295, 7.10271, 105.558, 18.5257, 105.464, 17.0887, 115.663, 54.5312, 115.522)
height = 100.0

[node name="Camera3D" type="Camera3D" parent="."]
transform = Transform3D(1, 0, 0, 0, 0.0871558, 0.996195, 0, -0.996195, 0.0871558, -200.531, 213.497, 62.1983)

[node name="DeployCam" parent="Camera3D" instance=ExtResource("5_a42ld")]

[node name="Static" type="Node3D" parent="."]

[node name="MP_Abbasid_Terrain" parent="Static" instance=ExtResource("6_6nkwk")]
metadata/_edit_lock_ = true

[node name="MP_Abbasid_Assets" parent="Static" instance=ExtResource("7_jnf8y")]
metadata/_edit_lock_ = true

[node name="Objectives" type="Node3D" parent="."]

[node name="Team1Objectives" parent="Objectives" node_paths=PackedStringArray("SectorArea", "CapturePoints") instance=ExtResource("7_m6iky")]
ObjId = 200
SectorArea = NodePath("../../CombatArea/CombatVolume")
CapturePoints = [NodePath("CapturePointA"), NodePath("CapturePointB"), NodePath("CapturePointC"), NodePath("CapturePointD"), NodePath("CapturePointE")]

[node name="CapturePointA" parent="Objectives/Team1Objectives" node_paths=PackedStringArray("CaptureArea") instance=ExtResource("8_yybla")]
transform = Transform3D(1, 0, 0, 0, 1, 0, 0, 0, 1, -155.839, 66.904, 50.0697)
ObjId = 201
CaptureArea = NodePath("../../NeutralObjectives/CapturePointA/AreaTriggerA/A_PolygonVolume")

[node name="CapturePointB" parent="Objectives/Team1Objectives" node_paths=PackedStringArray("CaptureArea") instance=ExtResource("8_yybla")]
transform = Transform3D(1, 0, 0, 0, 1, 0, 0, 0, 1, -168.148, 65.3923, 117.085)
ObjId = 202
CaptureArea = NodePath("../../NeutralObjectives/CapturePointB/AreaTriggerB/B_PolygonVolume")

[node name="CapturePointC" parent="Objectives/Team1Objectives" node_paths=PackedStringArray("CaptureArea") instance=ExtResource("8_yybla")]
transform = Transform3D(1, 0, 0, 0, 1, 0, 0, 0, 1, -206.402, 67.1146, 63.1964)
ObjId = 203
CaptureArea = NodePath("../../NeutralObjectives/CapturePointC/AreaTriggerC/C_PolygonVolume")

[node name="CapturePointD" parent="Objectives/Team1Objectives" node_paths=PackedStringArray("CaptureArea") instance=ExtResource("8_yybla")]
transform = Transform3D(1, 0, 0, 0, 1, 0, 0, 0, 1, -174.571, 64.78, -24.4955)
ObjId = 204
CaptureArea = NodePath("../../NeutralObjectives/CapturePointD/AreaTriggerD/D_PolygonVolume")

[node name="CapturePointE" parent="Objectives/Team1Objectives" node_paths=PackedStringArray("CaptureArea") instance=ExtResource("8_yybla")]
transform = Transform3D(1, 0, 0, 0, 1, 0, 0, 0, 1, -166.807, 64.1388, 14.019)
ObjId = 205
CaptureArea = NodePath("../../NeutralObjectives/CapturePointE/AreaTriggerE/E_PolygonVolume")

[node name="Team2Objectives" parent="Objectives" node_paths=PackedStringArray("SectorArea", "CapturePoints") instance=ExtResource("7_m6iky")]
ObjId = 300
SectorArea = NodePath("../../CombatArea/CombatVolume")
CapturePoints = [NodePath("CapturePointA"), NodePath("CapturePointB"), NodePath("CapturePointC"), NodePath("CapturePointD"), NodePath("CapturePointE")]

[node name="CapturePointA" parent="Objectives/Team2Objectives" node_paths=PackedStringArray("CaptureArea") instance=ExtResource("8_yybla")]
transform = Transform3D(1, 0, 0, 0, 1, 0, 0, 0, 1, -155.839, 66.904, 50.0697)
ObjId = 301
CaptureArea = NodePath("../../NeutralObjectives/CapturePointA/AreaTriggerA/A_PolygonVolume")

[node name="CapturePointB" parent="Objectives/Team2Objectives" node_paths=PackedStringArray("CaptureArea") instance=ExtResource("8_yybla")]
transform = Transform3D(1, 0, 0, 0, 1, 0, 0, 0, 1, -168.148, 65.3923, 117.085)
ObjId = 302
CaptureArea = NodePath("../../NeutralObjectives/CapturePointB/AreaTriggerB/B_PolygonVolume")

[node name="CapturePointC" parent="Objectives/Team2Objectives" node_paths=PackedStringArray("CaptureArea") instance=ExtResource("8_yybla")]
transform = Transform3D(1, 0, 0, 0, 1, 0, 0, 0, 1, -206.402, 67.1146, 63.1964)
ObjId = 303
CaptureArea = NodePath("../../NeutralObjectives/CapturePointC/AreaTriggerC/C_PolygonVolume")

[node name="CapturePointD" parent="Objectives/Team2Objectives" node_paths=PackedStringArray("CaptureArea") instance=ExtResource("8_yybla")]
transform = Transform3D(1, 0, 0, 0, 1, 0, 0, 0, 1, -174.571, 64.78, -24.4955)
ObjId = 304
CaptureArea = NodePath("../../NeutralObjectives/CapturePointD/AreaTriggerD/D_PolygonVolume")

[node name="CapturePointE" parent="Objectives/Team2Objectives" node_paths=PackedStringArray("CaptureArea") instance=ExtResource("8_yybla")]
transform = Transform3D(1, 0, 0, 0, 1, 0, 0, 0, 1, -166.807, 64.1388, 14.019)
ObjId = 305
CaptureArea = NodePath("../../NeutralObjectives/CapturePointE/AreaTriggerE/E_PolygonVolume")

[node name="NeutralObjectives" parent="Objectives" node_paths=PackedStringArray("SectorArea", "CapturePoints") instance=ExtResource("7_m6iky")]
ObjId = 400
SectorArea = NodePath("../../CombatArea/CombatVolume")
CapturePoints = [NodePath("CapturePointA"), NodePath("CapturePointB"), NodePath("CapturePointC"), NodePath("CapturePointD"), NodePath("CapturePointE")]

[node name="CapturePointA" parent="Objectives/NeutralObjectives" node_paths=PackedStringArray("CaptureArea") instance=ExtResource("8_yybla")]
transform = Transform3D(1, 0, 0, 0, 1, 0, 0, 0, 1, -155.839, 66.904, 50.0697)
ObjId = 401
CaptureArea = NodePath("AreaTriggerA/A_PolygonVolume")

[node name="AreaTriggerA" parent="Objectives/NeutralObjectives/CapturePointA" node_paths=PackedStringArray("Area") instance=ExtResource("9_4c451")]
ObjId = 501
Area = NodePath("A_PolygonVolume")

[node name="A_PolygonVolume" parent="Objectives/NeutralObjectives/CapturePointA/AreaTriggerA" instance=ExtResource("2_m6iky")]
transform = Transform3D(1, 0, 0, 0, 1, 0, 0, 0, 1, 0, -0.281052, 0)
points = PackedVector2Array(-8.06512, -12.3474, -8.0555, 11.9894, 3.7991, 12.0791, 3.82245, 9.35764, 7.39931, 9.34906, 7.41762, 5.0092, 7.98036, 5.04123, 8.05486, -2.12947, 7.34576, -2.07801, 7.55324, -12.3446)
height = 3.0

[node name="CapturePointB" parent="Objectives/NeutralObjectives" node_paths=PackedStringArray("CaptureArea") instance=ExtResource("8_yybla")]
transform = Transform3D(1, 0, 0, 0, 1, 0, 0, 0, 1, -168.148, 65.3923, 117.085)
ObjId = 402
CaptureArea = NodePath("AreaTriggerB/B_PolygonVolume")

[node name="AreaTriggerB" parent="Objectives/NeutralObjectives/CapturePointB" node_paths=PackedStringArray("Area") instance=ExtResource("9_4c451")]
ObjId = 502
Area = NodePath("B_PolygonVolume")

[node name="B_PolygonVolume" parent="Objectives/NeutralObjectives/CapturePointB/AreaTriggerB" instance=ExtResource("2_m6iky")]
transform = Transform3D(1, 0, 0, 0, 1, 0, 0, 0, 1, 0, -0.46637, 0)
points = PackedVector2Array(3.71542, -6.51025, 3.71669, -5.94364, -1.44827, -5.93445, -9.0486, -5.89869, -9.13242, -7.0388, -15.2297, -7.40614, -16.0666, 4.67471, -8.6188, 4.65408, -8.54715, 6.45916, 11.3661, 6.39776, 11.7885, -6.41592)

[node name="CapturePointC" parent="Objectives/NeutralObjectives" node_paths=PackedStringArray("CaptureArea") instance=ExtResource("8_yybla")]
transform = Transform3D(1, 0, 0, 0, 1, 0, 0, 0, 1, -206.402, 67.1146, 63.1964)
ObjId = 403
CaptureArea = NodePath("AreaTriggerC/C_PolygonVolume")

[node name="AreaTriggerC" parent="Objectives/NeutralObjectives/CapturePointC" node_paths=PackedStringArray("Area") instance=ExtResource("9_4c451")]
ObjId = 503
Area = NodePath("C_PolygonVolume")

[node name="C_PolygonVolume" parent="Objectives/NeutralObjectives/CapturePointC/AreaTriggerC" instance=ExtResource("2_m6iky")]
transform = Transform3D(1, 0, 0, 0, 1, 0, 0, 0, 1, 0, 0.217148, -4.91036)
points = PackedVector2Array(-8.63689, -5.96149, -8.80713, 10.22, 9.35684, 10.1934, 9.34413, -5.86832)

[node name="CapturePointD" parent="Objectives/NeutralObjectives" node_paths=PackedStringArray("CaptureArea") instance=ExtResource("8_yybla")]
transform = Transform3D(1, 0, 0, 0, 1, 0, 0, 0, 1, -174.571, 64.78, -24.4955)
ObjId = 404
CaptureArea = NodePath("AreaTriggerD/D_PolygonVolume")

[node name="AreaTriggerD" parent="Objectives/NeutralObjectives/CapturePointD" node_paths=PackedStringArray("Area") instance=ExtResource("9_4c451")]
ObjId = 504
Area = NodePath("D_PolygonVolume")

[node name="D_PolygonVolume" parent="Objectives/NeutralObjectives/CapturePointD/AreaTriggerD" instance=ExtResource("2_m6iky")]
points = PackedVector2Array(-3.69876, -10.629, -3.75804, -7.89095, -6.59723, -7.84156, -6.21359, 3.65588, 5.2077, 3.57743, 5.29196, -10.5399)

[node name="CapturePointE" parent="Objectives/NeutralObjectives" node_paths=PackedStringArray("CaptureArea") instance=ExtResource("8_yybla")]
transform = Transform3D(1, 0, 0, 0, 1, 0, 0, 0, 1, -166.807, 64.1388, 14.019)
ObjId = 405
CaptureArea = NodePath("AreaTriggerE/E_PolygonVolume")

[node name="AreaTriggerE" parent="Objectives/NeutralObjectives/CapturePointE" node_paths=PackedStringArray("Area") instance=ExtResource("9_4c451")]
ObjId = 505
Area = NodePath("E_PolygonVolume")

[node name="E_PolygonVolume" parent="Objectives/NeutralObjectives/CapturePointE/AreaTriggerE" instance=ExtResource("2_m6iky")]
transform = Transform3D(1, 0, 0, 0, 1, 0, 0, 0, 1, 0.257355, -0.298866, 0.556609)
points = PackedVector2Array(-12.1477, -7.88494, -11.9774, 7.8626, 12.0492, 7.93422, 12.0985, -7.83566)
height = 3.0

[node name="PresenceGrid" parent="." instance=ExtResource("7_m6iky")]
transform = Transform3D(1, 0, 0, 0, 1, 0, 0, 0, 1, -165.233, 64.1717, 8.00661)

[node name="Zone North_West" parent="PresenceGrid" node_paths=PackedStringArray("Area") instance=ExtResource("9_4c451")]
ObjId = 901
Area = NodePath("PolygonVolume_901")

[node name="PolygonVolume_901" parent="PresenceGrid/Zone North_West" instance=ExtResource("2_m6iky")]
transform = Transform3D(1, 0, 0, 0, 1, 0, 0, 0, 1, -5.04532, 0, -5.08432)
points = PackedVector2Array(-113.366, -141.001, -111.115, 3.81788, 5, 5, 3.42509, -140.002)
height = 50.0

[node name="Zone North_East" parent="PresenceGrid" node_paths=PackedStringArray("Area") instance=ExtResource("9_4c451")]
ObjId = 902
Area = NodePath("PolygonVolume_902")

[node name="PolygonVolume_902" parent="PresenceGrid/Zone North_East" instance=ExtResource("2_m6iky")]
transform = Transform3D(1, 0, 0, 0, 1, 0, 0, 0, 1, 5.07014, 0, -5.1659)
points = PackedVector2Array(-6.43181, -139.921, -5, 5, 112.881, 3.89946, 113.632, -140.169)
height = 50.0

[node name="Zone South_West" parent="PresenceGrid" node_paths=PackedStringArray("Area") instance=ExtResource("9_4c451")]
ObjId = 903
Area = NodePath("PolygonVolume_903")

[node name="PolygonVolume_903" parent="PresenceGrid/Zone South_West" instance=ExtResource("2_m6iky")]
transform = Transform3D(1, 0, 0, 0, 1, 0, 0, 0, 1, -5.07159, 0, 5.05967)
points = PackedVector2Array(-111.056, -6.07712, -114.52, 130.69, 7.12582, 130.69, 5, -5)
height = 50.0

[node name="Zone South_East" parent="PresenceGrid" node_paths=PackedStringArray("Area") instance=ExtResource("9_4c451")]
ObjId = 904
Area = NodePath("PolygonVolume_904")

[node name="PolygonVolume_904" parent="PresenceGrid/Zone South_East" instance=ExtResource("2_m6iky")]
transform = Transform3D(1, 0, 0, 0, 1, 0, 0, 0, 1, 5.04881, 0, 5.00859)
points = PackedVector2Array(-5, -5, -2.83714, 130.93, 108.572, 130.393, 112.823, -6.05431)
height = 50.0

[node name="SpawnAnchors" type="Node3D" parent="."]

[node name="Objective_A" parent="SpawnAnchors" instance=ExtResource("7_m6iky")]
transform = Transform3D(1, 0, 0, 0, 1, 0, 0, 0, 1, -217.796, 67.0606, 58.1085)

[node name="Side_West" type="Node3D" parent="SpawnAnchors/Objective_A"]

[node name="Variant_North" type="Node3D" parent="SpawnAnchors/Objective_A/Side_West"]

[node name="Anchor_1311" parent="SpawnAnchors/Objective_A/Side_West/Variant_North" instance=ExtResource("10_a42ld")]
transform = Transform3D(-1.31134e-07, 3.82137e-15, -1, -8.74228e-08, -1, 7.64275e-15, -1, 8.74228e-08, 1.31134e-07, 4.86977, -0.17572, -10.6968)
ObjId = 1311

[node name="Anchor_1312" parent="SpawnAnchors/Objective_A/Side_West/Variant_North" instance=ExtResource("10_a42ld")]
transform = Transform3D(0.0235598, 0, -0.999723, 2.9794e-08, -1, 7.02133e-10, -0.999722, -2.98023e-08, -0.0235598, 0.830475, -0.349464, -4.58467)
ObjId = 1312

[node name="Anchor_1313" parent="SpawnAnchors/Objective_A/Side_West/Variant_North" instance=ExtResource("10_a42ld")]
transform = Transform3D(0.0235598, 0, -0.999723, 2.9794e-08, -1, 7.02133e-10, -0.999722, -2.98023e-08, -0.0235598, -4.77205, -0.349464, -3.137)
ObjId = 1313

[node name="Anchor_1314" parent="SpawnAnchors/Objective_A/Side_West/Variant_North" instance=ExtResource("10_a42ld")]
transform = Transform3D(0.0235596, 0, -0.999723, 2.9794e-08, -1, 7.02128e-10, -0.999722, -2.98023e-08, -0.0235596, -3.92609, -0.078064, 4.26781)
ObjId = 1314

[node name="Anchor_1315" parent="SpawnAnchors/Objective_A/Side_West/Variant_North" instance=ExtResource("10_a42ld")]
transform = Transform3D(0.0235598, 0, -0.999723, 2.9794e-08, -1, 7.02133e-10, -0.999722, -2.98023e-08, -0.0235598, 8.32675, 0.482674, 13.294)
ObjId = 1315

[node name="Variant_South" type="Node3D" parent="SpawnAnchors/Objective_A/Side_West"]

[node name="Anchor_1321" parent="SpawnAnchors/Objective_A/Side_West/Variant_South" instance=ExtResource("10_a42ld")]
transform = Transform3D(-0.999393, 7.10543e-15, 0.0348298, 3.04492e-09, -1, 8.73698e-08, 0.0348298, 8.74228e-08, 0.999393, 51.6959, -1.61521, 46.5425)
ObjId = 1321

[node name="Anchor_1322" parent="SpawnAnchors/Objective_A/Side_West/Variant_South" instance=ExtResource("10_a42ld")]
transform = Transform3D(-0.996042, 0, 0.0888769, -2.64875e-09, -1, -2.96844e-08, 0.0888768, -2.98023e-08, 0.996043, 51.644, -0.975121, 69.7715)
ObjId = 1322

[node name="Anchor_1323" parent="SpawnAnchors/Objective_A/Side_West/Variant_South" instance=ExtResource("10_a42ld")]
transform = Transform3D(-0.99944, 0, 0.0334343, -9.9643e-10, -1, -2.97857e-08, 0.0334342, -2.98023e-08, 0.999442, 38.9442, -1.45425, 55.0436)
ObjId = 1323

[node name="Anchor_1324" parent="SpawnAnchors/Objective_A/Side_West/Variant_South" instance=ExtResource("10_a42ld")]
transform = Transform3D(-0.999838, 0, 0.0179586, -5.3522e-10, -1, -2.97975e-08, 0.0179586, -2.98023e-08, 0.999839, 51.2929, -1.64288, 63.6449)
ObjId = 1324

[node name="Anchor_1325" parent="SpawnAnchors/Objective_A/Side_West/Variant_South" instance=ExtResource("10_a42ld")]
transform = Transform3D(-0.994246, 0, 0.107114, -3.19227e-09, -1, -2.96309e-08, 0.107114, -2.98023e-08, 0.994247, 53.8447, -1.66644, 61.9342)
ObjId = 1325

[node name="Side_East" parent="SpawnAnchors/Objective_A" instance=ExtResource("7_m6iky")]
transform = Transform3D(1, 0, 0, 0, 1, 0, 0, 0, 1, 122.115, 0, 0)

[node name="Variant_North" type="Node3D" parent="SpawnAnchors/Objective_A/Side_East"]

[node name="Anchor_1411" parent="SpawnAnchors/Objective_A/Side_East/Variant_North" instance=ExtResource("10_a42ld")]
transform = Transform3D(0.999995, 7.10543e-15, 0.00315913, 2.76192e-10, -1, -8.74224e-08, 0.00315913, 8.74228e-08, -0.999995, -25.3523, -1.37528, -58.0004)
ObjId = 1411

[node name="Anchor_1412" parent="SpawnAnchors/Objective_A/Side_East/Variant_North" instance=ExtResource("10_a42ld")]
transform = Transform3D(0.998711, 0, 0.0507671, -1.51298e-09, -1, 2.97639e-08, 0.0507671, -2.98023e-08, -0.998711, -25.4042, -1.37528, -55.7982)
ObjId = 1412

[node name="Anchor_1413" parent="SpawnAnchors/Objective_A/Side_East/Variant_North" instance=ExtResource("10_a42ld")]
transform = Transform3D(0.997587, 0, -0.0694258, 2.06904e-09, -1, 2.97304e-08, -0.0694258, -2.98023e-08, -0.997587, -27.1167, -1.37528, -55.8385)
ObjId = 1413

[node name="Anchor_1414" parent="SpawnAnchors/Objective_A/Side_East/Variant_North" instance=ExtResource("10_a42ld")]
transform = Transform3D(0.717336, 0, 0.696727, -2.0764e-08, -1, 2.13782e-08, 0.696727, -2.98023e-08, -0.717336, -25.7553, -1.10388, -45.5105)
ObjId = 1414

[node name="Anchor_1415" parent="SpawnAnchors/Objective_A/Side_East/Variant_North" instance=ExtResource("10_a42ld")]
transform = Transform3D(0.612535, 0, 0.790444, -2.3557e-08, -1, 1.82549e-08, 0.790444, -2.98023e-08, -0.612535, -23.0156, -1.10395, -45.0831)
ObjId = 1415

[node name="Variant_South" type="Node3D" parent="SpawnAnchors/Objective_A/Side_East"]

[node name="Anchor_1421" parent="SpawnAnchors/Objective_A/Side_East/Variant_South" instance=ExtResource("10_a42ld")]
transform = Transform3D(-0.525558, 0.0285552, 0.850279, -0.054253, -0.998527, 4.84288e-08, 0.849026, -0.0461302, 0.526333, -4.92184, -2.70596, -3.83239)
ObjId = 1421

[node name="Anchor_1422" parent="SpawnAnchors/Objective_A/Side_East/Variant_South" instance=ExtResource("10_a42ld")]
transform = Transform3D(-0.546511, 0, 0.837452, -2.4958e-08, -1, -1.62873e-08, 0.837452, -2.98023e-08, 0.546511, -4.97533, -2.64815, -5.26769)
ObjId = 1422

[node name="Anchor_1423" parent="SpawnAnchors/Objective_A/Side_East/Variant_South" instance=ExtResource("10_a42ld")]
transform = Transform3D(-0.753127, 0, 0.657875, -1.96062e-08, -1, -2.24449e-08, 0.657875, -2.98023e-08, 0.753127, -6.68784, -2.64815, -3.97749)
ObjId = 1423

[node name="Anchor_1424" parent="SpawnAnchors/Objective_A/Side_East/Variant_South" instance=ExtResource("10_a42ld")]
transform = Transform3D(-0.542544, 0, 0.840027, -2.50347e-08, -1, -1.61691e-08, 0.840027, -2.98023e-08, 0.542544, -32.1714, 0.106049, 7.82588)
ObjId = 1424

[node name="Anchor_1425" parent="SpawnAnchors/Objective_A/Side_East/Variant_South" instance=ExtResource("10_a42ld")]
transform = Transform3D(-0.0189879, 0, 0.99982, -2.97969e-08, -1, -5.65935e-10, 0.99982, -2.98023e-08, 0.0189879, -5.5323, -2.68493, 38.1487)
ObjId = 1425

[node name="Objective_B" parent="SpawnAnchors" instance=ExtResource("7_m6iky")]
transform = Transform3D(1, 0, 0, 0, 1, 0, 0, 0, 1, -217.796, 67.0606, 58.1085)

[node name="Side_West" type="Node3D" parent="SpawnAnchors/Objective_B"]

[node name="Variant_North" type="Node3D" parent="SpawnAnchors/Objective_B/Side_West"]

[node name="Anchor_2311" parent="SpawnAnchors/Objective_B/Side_West/Variant_North" instance=ExtResource("10_a42ld")]
transform = Transform3D(-1.31134e-07, 3.82137e-15, -1, -8.74228e-08, -1, 7.64275e-15, -1, 8.74228e-08, 1.31134e-07, -14.8802, -0.828522, 8.33117)
ObjId = 2311

[node name="Anchor_2312" parent="SpawnAnchors/Objective_B/Side_West/Variant_North" instance=ExtResource("10_a42ld")]
transform = Transform3D(0.0235598, 0, -0.999723, 2.9794e-08, -1, 7.02133e-10, -0.999722, -2.98023e-08, -0.0235598, -17.2623, -0.109985, 21.7036)
ObjId = 2312

[node name="Anchor_2313" parent="SpawnAnchors/Objective_B/Side_West/Variant_North" instance=ExtResource("10_a42ld")]
transform = Transform3D(0.0235598, 0, -0.999723, 2.9794e-08, -1, 7.02133e-10, -0.999722, -2.98023e-08, -0.0235598, -22.63, -0.743393, 25.0655)
ObjId = 2313

[node name="Anchor_2314" parent="SpawnAnchors/Objective_B/Side_West/Variant_North" instance=ExtResource("10_a42ld")]
transform = Transform3D(0.0235596, 0, -0.999723, 2.9794e-08, -1, 7.02128e-10, -0.999722, -2.98023e-08, -0.0235596, -0.19458, -0.00404358, 22.9411)
ObjId = 2314

[node name="Anchor_2315" parent="SpawnAnchors/Objective_B/Side_West/Variant_North" instance=ExtResource("10_a42ld")]
transform = Transform3D(0.0235598, 0, -0.999723, 2.9794e-08, -1, 7.02133e-10, -0.999722, -2.98023e-08, -0.0235598, 1.19019, -0.00411224, 26.6321)
ObjId = 2315

[node name="Variant_South" type="Node3D" parent="SpawnAnchors/Objective_B/Side_West"]

[node name="Anchor_2321" parent="SpawnAnchors/Objective_B/Side_West/Variant_South" instance=ExtResource("10_a42ld")]
transform = Transform3D(-0.999393, 7.10543e-15, 0.0348298, 3.04492e-09, -1, 8.73698e-08, 0.0348298, 8.74228e-08, 0.999393, -19.5575, -0.158882, 43.2649)
ObjId = 2321

[node name="Anchor_2322" parent="SpawnAnchors/Objective_B/Side_West/Variant_South" instance=ExtResource("10_a42ld")]
transform = Transform3D(-0.996042, 0, 0.0888769, -2.64875e-09, -1, -2.96844e-08, 0.0888768, -2.98023e-08, 0.996043, -20.2302, -0.05513, 52.4002)
ObjId = 2322

[node name="Anchor_2323" parent="SpawnAnchors/Objective_B/Side_West/Variant_South" instance=ExtResource("10_a42ld")]
transform = Transform3D(-0.99944, 0, 0.0334343, -9.9643e-10, -1, -2.97857e-08, 0.0334342, -2.98023e-08, 0.999442, -20.2509, -0.433113, 53.8736)
ObjId = 2323

[node name="Anchor_2324" parent="SpawnAnchors/Objective_B/Side_West/Variant_South" instance=ExtResource("10_a42ld")]
transform = Transform3D(-0.999838, 0, 0.0179586, -5.3522e-10, -1, -2.97975e-08, 0.0179586, -2.98023e-08, 0.999839, 1.73106, -0.236107, 48.4062)
ObjId = 2324

[node name="Anchor_2325" parent="SpawnAnchors/Objective_B/Side_West/Variant_South" instance=ExtResource("10_a42ld")]
transform = Transform3D(-0.994246, 0, 0.107114, -3.19227e-09, -1, -2.96309e-08, 0.107114, -2.98023e-08, 0.994247, 4.4238, -0.0574036, 53.7645)
ObjId = 2325

[node name="Side_East" parent="SpawnAnchors/Objective_B" instance=ExtResource("7_m6iky")]
transform = Transform3D(1, 0, 0, 0, 1, 0, 0, 0, 1, 122.115, 0, 0)

[node name="Variant_North" type="Node3D" parent="SpawnAnchors/Objective_B/Side_East"]

[node name="Anchor_2411" parent="SpawnAnchors/Objective_B/Side_East/Variant_North" instance=ExtResource("10_a42ld")]
transform = Transform3D(0.999995, 7.10543e-15, 0.00315913, 2.76192e-10, -1, -8.74224e-08, 0.00315913, 8.74228e-08, -0.999995, -5.31834, -2.59528, -5.60949)
ObjId = 2411

[node name="Anchor_2412" parent="SpawnAnchors/Objective_B/Side_East/Variant_North" instance=ExtResource("10_a42ld")]
transform = Transform3D(0.998711, 0, 0.0507671, -1.51298e-09, -1, 2.97639e-08, 0.0507671, -2.98023e-08, -0.998711, -11.5932, -2.35681, 9.18178)
ObjId = 2412

[node name="Anchor_2413" parent="SpawnAnchors/Objective_B/Side_East/Variant_North" instance=ExtResource("10_a42ld")]
transform = Transform3D(0.997587, 0, -0.0694258, 2.06904e-09, -1, 2.97304e-08, -0.0694258, -2.98023e-08, -0.997587, -19.8218, -2.15405, 19.0723)
ObjId = 2413

[node name="Anchor_2414" parent="SpawnAnchors/Objective_B/Side_East/Variant_North" instance=ExtResource("10_a42ld")]
transform = Transform3D(0.717336, 0, 0.696727, -2.0764e-08, -1, 2.13782e-08, 0.696727, -2.98023e-08, -0.717336, -32.6359, 0.283226, 14.3267)
ObjId = 2414
metadata/_edit_group_ = true

[node name="Anchor_2415" parent="SpawnAnchors/Objective_B/Side_East/Variant_North" instance=ExtResource("10_a42ld")]
transform = Transform3D(0.612535, 0, 0.790444, -2.3557e-08, -1, 1.82549e-08, 0.790444, -2.98023e-08, -0.612535, -5.92721, -2.56168, 40.1523)
ObjId = 2415

[node name="Variant_South" type="Node3D" parent="SpawnAnchors/Objective_B/Side_East"]

[node name="Anchor_2421" parent="SpawnAnchors/Objective_B/Side_East/Variant_South" instance=ExtResource("10_a42ld")]
transform = Transform3D(-0.525558, 0.0285552, 0.850279, -0.054253, -0.998527, 4.84288e-08, 0.849026, -0.0461302, 0.526333, -44.0088, -1.73555, 51.8868)
ObjId = 2421

[node name="Anchor_2422" parent="SpawnAnchors/Objective_B/Side_East/Variant_South" instance=ExtResource("10_a42ld")]
transform = Transform3D(-0.546511, 0, 0.837452, -2.4958e-08, -1, -1.62873e-08, 0.837452, -2.98023e-08, 0.546511, -15.8465, -2.71962, 53.7439)
ObjId = 2422

[node name="Anchor_2423" parent="SpawnAnchors/Objective_B/Side_East/Variant_South" instance=ExtResource("10_a42ld")]
transform = Transform3D(-0.753127, 0, 0.657875, -1.96062e-08, -1, -2.24449e-08, 0.657875, -2.98023e-08, 0.753127, -44.572, -2.71962, 55.6003)
ObjId = 2423

[node name="Anchor_2424" parent="SpawnAnchors/Objective_B/Side_East/Variant_South" instance=ExtResource("10_a42ld")]
transform = Transform3D(-0.542544, 0, 0.840027, -2.50347e-08, -1, -1.61691e-08, 0.840027, -2.98023e-08, 0.542544, -39.8111, -1.83403, 48.5871)
ObjId = 2424

[node name="Anchor_2425" parent="SpawnAnchors/Objective_B/Side_East/Variant_South" instance=ExtResource("10_a42ld")]
transform = Transform3D(-0.0189879, 0, 0.99982, -2.97969e-08, -1, -5.65935e-10, 0.99982, -2.98023e-08, 0.0189879, -12.5587, -2.78669, 60.5817)
ObjId = 2425

[node name="Objective_C" parent="SpawnAnchors" instance=ExtResource("7_m6iky")]
transform = Transform3D(1, 0, 0, 0, 1, 0, 0, 0, 1, -217.796, 67.0606, 58.1085)

[node name="Side_West" type="Node3D" parent="SpawnAnchors/Objective_C"]

[node name="Variant_North" type="Node3D" parent="SpawnAnchors/Objective_C/Side_West"]

[node name="Anchor_3311" parent="SpawnAnchors/Objective_C/Side_West/Variant_North" instance=ExtResource("10_a42ld")]
transform = Transform3D(-1.31134e-07, 3.82137e-15, -1, -8.74228e-08, -1, 7.64275e-15, -1, 8.74228e-08, 1.31134e-07, -13.8631, -2.85961, -56.9632)
ObjId = 3311

[node name="Anchor_3312" parent="SpawnAnchors/Objective_C/Side_West/Variant_North" instance=ExtResource("10_a42ld")]
transform = Transform3D(0.0235598, 0, -0.999723, 2.9794e-08, -1, 7.02133e-10, -0.999722, -2.98023e-08, -0.0235598, -13.915, -2.85961, -54.761)
ObjId = 3312

[node name="Anchor_3313" parent="SpawnAnchors/Objective_C/Side_West/Variant_North" instance=ExtResource("10_a42ld")]
transform = Transform3D(0.0235598, 0, -0.999723, 2.9794e-08, -1, 7.02133e-10, -0.999722, -2.98023e-08, -0.0235598, -33.7256, -2.63454, -54.2606)
ObjId = 3313

[node name="Anchor_3314" parent="SpawnAnchors/Objective_C/Side_West/Variant_North" instance=ExtResource("10_a42ld")]
transform = Transform3D(0.0235596, 0, -0.999723, 2.9794e-08, -1, 7.02128e-10, -0.999722, -2.98023e-08, -0.0235596, -15.2259, -2.58821, -29.4535)
ObjId = 3314

[node name="Anchor_3315" parent="SpawnAnchors/Objective_C/Side_West/Variant_North" instance=ExtResource("10_a42ld")]
transform = Transform3D(0.0235598, 0, -0.999723, 2.9794e-08, -1, 7.02133e-10, -0.999722, -2.98023e-08, -0.0235598, -9.39755, -2.58828, -29.8494)
ObjId = 3315

[node name="Variant_South" type="Node3D" parent="SpawnAnchors/Objective_C/Side_West"]

[node name="Anchor_3321" parent="SpawnAnchors/Objective_C/Side_West/Variant_South" instance=ExtResource("10_a42ld")]
transform = Transform3D(-0.999393, 7.10543e-15, 0.0348298, 3.04492e-09, -1, 8.73698e-08, 0.0348298, 8.74228e-08, 0.999393, 49.5781, -1.61521, 46.7678)
ObjId = 3321

[node name="Anchor_3322" parent="SpawnAnchors/Objective_C/Side_West/Variant_South" instance=ExtResource("10_a42ld")]
transform = Transform3D(-0.996042, 0, 0.0888769, -2.64875e-09, -1, -2.96844e-08, 0.0888768, -2.98023e-08, 0.996043, 45.4577, -0.922562, 69.4457)
ObjId = 3322

[node name="Anchor_3323" parent="SpawnAnchors/Objective_C/Side_West/Variant_South" instance=ExtResource("10_a42ld")]
transform = Transform3D(-0.99944, 0, 0.0334343, -9.9643e-10, -1, -2.97857e-08, 0.0334342, -2.98023e-08, 0.999442, 49.9315, -1.61521, 48.7044)
ObjId = 3323

[node name="Anchor_3324" parent="SpawnAnchors/Objective_C/Side_West/Variant_South" instance=ExtResource("10_a42ld")]
transform = Transform3D(-0.999838, 0, 0.0179586, -5.3522e-10, -1, -2.97975e-08, 0.0179586, -2.98023e-08, 0.999839, 51.2929, -1.64288, 63.6449)
ObjId = 3324

[node name="Anchor_3325" parent="SpawnAnchors/Objective_C/Side_West/Variant_South" instance=ExtResource("10_a42ld")]
transform = Transform3D(-0.994246, 0, 0.107114, -3.19227e-09, -1, -2.96309e-08, 0.107114, -2.98023e-08, 0.994247, 53.8447, -1.66644, 61.9342)
ObjId = 3325

[node name="Side_East" parent="SpawnAnchors/Objective_C" instance=ExtResource("7_m6iky")]
transform = Transform3D(1, 0, 0, 0, 1, 0, 0, 0, 1, 122.115, 0, 0)

[node name="Variant_North" type="Node3D" parent="SpawnAnchors/Objective_C/Side_East"]

[node name="Anchor_3411" parent="SpawnAnchors/Objective_C/Side_East/Variant_North" instance=ExtResource("10_a42ld")]
transform = Transform3D(0.999995, 7.10543e-15, 0.00315913, 2.76192e-10, -1, -8.74224e-08, 0.00315913, 8.74228e-08, -0.999995, -61.4793, -0.363029, -31.1814)
ObjId = 3411

[node name="Anchor_3412" parent="SpawnAnchors/Objective_C/Side_East/Variant_North" instance=ExtResource("10_a42ld")]
transform = Transform3D(0.998711, 0, 0.0507671, -1.51298e-09, -1, 2.97639e-08, 0.0507671, -2.98023e-08, -0.998711, -54.9723, -0.392067, -31.9955)
ObjId = 3412

[node name="Anchor_3413" parent="SpawnAnchors/Objective_C/Side_East/Variant_North" instance=ExtResource("10_a42ld")]
transform = Transform3D(0.997587, 0, -0.0694258, 2.06904e-09, -1, 2.97304e-08, -0.0694258, -2.98023e-08, -0.997587, -66.0537, 0.0965729, -18.1313)
ObjId = 3413

[node name="Anchor_3414" parent="SpawnAnchors/Objective_C/Side_East/Variant_North" instance=ExtResource("10_a42ld")]
transform = Transform3D(0.717336, 0, 0.696727, -2.0764e-08, -1, 2.13782e-08, 0.696727, -2.98023e-08, -0.717336, -60.0006, -0.30101, -17.0862)
ObjId = 3414

[node name="Anchor_3415" parent="SpawnAnchors/Objective_C/Side_East/Variant_North" instance=ExtResource("10_a42ld")]
transform = Transform3D(0.612535, 0, 0.790444, -2.3557e-08, -1, 1.82549e-08, 0.790444, -2.98023e-08, -0.612535, -62.7795, -0.301079, -25.721)
ObjId = 3415

[node name="Variant_South" type="Node3D" parent="SpawnAnchors/Objective_C/Side_East"]

[node name="Anchor_3421" parent="SpawnAnchors/Objective_C/Side_East/Variant_South" instance=ExtResource("10_a42ld")]
transform = Transform3D(-0.525558, 0.0285552, 0.850279, -0.054253, -0.998527, 4.84288e-08, 0.849026, -0.0461302, 0.526333, -55.1279, 1.39674, 10.4496)
ObjId = 3421

[node name="Anchor_3422" parent="SpawnAnchors/Objective_C/Side_East/Variant_South" instance=ExtResource("10_a42ld")]
transform = Transform3D(-0.546511, 0, 0.837452, -2.4958e-08, -1, -1.62873e-08, 0.837452, -2.98023e-08, 0.546511, -37.0244, -0.0417175, -8.75252)
ObjId = 3422

[node name="Anchor_3423" parent="SpawnAnchors/Objective_C/Side_East/Variant_South" instance=ExtResource("10_a42ld")]
transform = Transform3D(-0.753127, 0, 0.657875, -1.96062e-08, -1, -2.24449e-08, 0.657875, -2.98023e-08, 0.753127, -45.2255, -0.0417175, -11.3934)
ObjId = 3423

[node name="Anchor_3424" parent="SpawnAnchors/Objective_C/Side_East/Variant_South" instance=ExtResource("10_a42ld")]
transform = Transform3D(-0.542544, 0, 0.840027, -2.50347e-08, -1, -1.61691e-08, 0.840027, -2.98023e-08, 0.542544, -50.5525, 1.24981, 5.97528)
ObjId = 3424

[node name="Anchor_3425" parent="SpawnAnchors/Objective_C/Side_East/Variant_South" instance=ExtResource("10_a42ld")]
transform = Transform3D(-0.0189879, 0, 0.99982, -2.97969e-08, -1, -5.65935e-10, 0.99982, -2.98023e-08, 0.0189879, -33.0366, -0.013031, 6.60164)
ObjId = 3425

[node name="Objective_D" parent="SpawnAnchors" instance=ExtResource("7_m6iky")]
transform = Transform3D(1, 0, 0, 0, 1, 0, 0, 0, 1, -217.796, 67.0606, 58.1085)

[node name="Side_West" type="Node3D" parent="SpawnAnchors/Objective_D"]

[node name="Variant_North" type="Node3D" parent="SpawnAnchors/Objective_D/Side_West"]

[node name="Anchor_4311" parent="SpawnAnchors/Objective_D/Side_West/Variant_North" instance=ExtResource("10_a42ld")]
transform = Transform3D(-1.31134e-07, 3.82137e-15, -1, -8.74228e-08, -1, 7.64275e-15, -1, 8.74228e-08, 1.31134e-07, -27.2047, -2.9173, -53.4198)
ObjId = 4311

[node name="Anchor_4312" parent="SpawnAnchors/Objective_D/Side_West/Variant_North" instance=ExtResource("10_a42ld")]
transform = Transform3D(0.0235598, 0, -0.999723, 2.9794e-08, -1, 7.02133e-10, -0.999722, -2.98023e-08, -0.0235598, -2.2691, -1.58975, -71.8279)
ObjId = 4312

[node name="Anchor_4313" parent="SpawnAnchors/Objective_D/Side_West/Variant_North" instance=ExtResource("10_a42ld")]
transform = Transform3D(0.0235598, 0, -0.999723, 2.9794e-08, -1, 7.02133e-10, -0.999722, -2.98023e-08, -0.0235598, -4.79146, -1.61, -73.3491)
ObjId = 4313

[node name="Anchor_4314" parent="SpawnAnchors/Objective_D/Side_West/Variant_North" instance=ExtResource("10_a42ld")]
transform = Transform3D(0.0235596, 0, -0.999723, 2.9794e-08, -1, 7.02128e-10, -0.999722, -2.98023e-08, -0.0235596, -3.4301, -1.60184, -70.6998)
ObjId = 4314

[node name="Anchor_4315" parent="SpawnAnchors/Objective_D/Side_West/Variant_North" instance=ExtResource("10_a42ld")]
transform = Transform3D(0.0235598, 0, -0.999723, 2.9794e-08, -1, 7.02133e-10, -0.999722, -2.98023e-08, -0.0235598, -0.690399, -1.42014, -72.2302)
ObjId = 4315

[node name="Variant_South" type="Node3D" parent="SpawnAnchors/Objective_D/Side_West"]

[node name="Anchor_4321" parent="SpawnAnchors/Objective_D/Side_West/Variant_South" instance=ExtResource("10_a42ld")]
transform = Transform3D(-0.999393, 7.10543e-15, 0.0348298, 3.04492e-09, -1, 8.73698e-08, 0.0348298, 8.74228e-08, 0.999393, 34.344, -0.183983, -27.3239)
ObjId = 4321

[node name="Anchor_4322" parent="SpawnAnchors/Objective_D/Side_West/Variant_South" instance=ExtResource("10_a42ld")]
transform = Transform3D(-0.996042, 0, 0.0888769, -2.64875e-09, -1, -2.96844e-08, 0.0888768, -2.98023e-08, 0.996043, 40.4214, -0.377098, -26.7921)
ObjId = 4322

[node name="Anchor_4323" parent="SpawnAnchors/Objective_D/Side_West/Variant_South" instance=ExtResource("10_a42ld")]
transform = Transform3D(-0.99944, 0, 0.0334343, -9.9643e-10, -1, -2.97857e-08, 0.0334342, -2.98023e-08, 0.999442, 37.9877, -1.61521, -9.3558)
ObjId = 4323

[node name="Anchor_4324" parent="SpawnAnchors/Objective_D/Side_West/Variant_South" instance=ExtResource("10_a42ld")]
transform = Transform3D(-0.999838, 0, 0.0179586, -5.3522e-10, -1, -2.97975e-08, 0.0179586, -2.98023e-08, 0.999839, 51.6919, -0.311127, -28.8375)
ObjId = 4324

[node name="Anchor_4325" parent="SpawnAnchors/Objective_D/Side_West/Variant_South" instance=ExtResource("10_a42ld")]
transform = Transform3D(-0.994246, 0, 0.107114, -3.19227e-09, -1, -2.96309e-08, 0.107114, -2.98023e-08, 0.994247, 26.0834, -1.32269, -29.7077)
ObjId = 4325

[node name="Side_East" parent="SpawnAnchors/Objective_D" instance=ExtResource("7_m6iky")]
transform = Transform3D(1, 0, 0, 0, 1, 0, 0, 0, 1, 122.115, 0, 0)

[node name="Variant_North" type="Node3D" parent="SpawnAnchors/Objective_D/Side_East"]

[node name="Anchor_4411" parent="SpawnAnchors/Objective_D/Side_East/Variant_North" instance=ExtResource("10_a42ld")]
transform = Transform3D(0.999995, 7.10543e-15, 0.00315913, 2.76192e-10, -1, -8.74224e-08, 0.00315913, 8.74228e-08, -0.999995, -27.3611, -2.62615, -136.51)
ObjId = 4411

[node name="Anchor_4412" parent="SpawnAnchors/Objective_D/Side_East/Variant_North" instance=ExtResource("10_a42ld")]
transform = Transform3D(0.998711, 0, 0.0507671, -1.51298e-09, -1, 2.97639e-08, 0.0507671, -2.98023e-08, -0.998711, -23.0232, -2.68488, -131.896)
ObjId = 4412

[node name="Anchor_4413" parent="SpawnAnchors/Objective_D/Side_East/Variant_North" instance=ExtResource("10_a42ld")]
transform = Transform3D(0.997587, 0, -0.0694258, 2.06904e-09, -1, 2.97304e-08, -0.0694258, -2.98023e-08, -0.997587, -42.7659, -2.81013, -134.303)
ObjId = 4413

[node name="Anchor_4414" parent="SpawnAnchors/Objective_D/Side_East/Variant_North" instance=ExtResource("10_a42ld")]
transform = Transform3D(0.722134, -2.05977e-10, 0.691752, -2.0764e-08, -1, 2.13782e-08, 0.691752, -2.98016e-08, -0.722134, -49.7974, -1.7261, -128.612)
ObjId = 4414

[node name="Anchor_4415" parent="SpawnAnchors/Objective_D/Side_East/Variant_North" instance=ExtResource("10_a42ld")]
transform = Transform3D(0.612535, 0, 0.790444, -2.3557e-08, -1, 1.82549e-08, 0.790444, -2.98023e-08, -0.612535, -27.2766, -2.5388, -129.396)
ObjId = 4415

[node name="Variant_South" type="Node3D" parent="SpawnAnchors/Objective_D/Side_East"]

[node name="Anchor_4421" parent="SpawnAnchors/Objective_D/Side_East/Variant_South" instance=ExtResource("10_a42ld")]
transform = Transform3D(-0.525558, 0.0285552, 0.850279, -0.054253, -0.998527, 4.84288e-08, 0.849026, -0.0461302, 0.526333, -12.1433, -0.905891, -87.9779)
ObjId = 4421

[node name="Anchor_4422" parent="SpawnAnchors/Objective_D/Side_East/Variant_South" instance=ExtResource("10_a42ld")]
transform = Transform3D(0.00396228, 0, 0.999992, -2.98021e-08, -1, 1.18069e-10, 0.999992, -2.98023e-08, -0.00396228, -10.2455, -3.1587, -56.4782)
ObjId = 4422

